0:0:56,43.25,56,88,4.4,18,12.75,-869.5,0.0,-2703.8
0:1:1,43.0,56,88,4.4,18,13.0,-804.75,0.0,-2396.9
0:1:6,42.75,56,88,4.4,18,13.25,-739.0,-0.25,-2090.1
0:1:11,42.5,56,88,4.4,18,13.5,-672.5,0.25,-1766.5
0:1:16,43.0,56,88,4.4,18,13.0,-606.5,-0.5,-1533.6
0:1:21,42.75,56,88,4.4,18,13.25,-540.0,0.0,-1210.0
0:1:26,42.5,56,88,4.4,18,13.5,-473.25,0.0,-894.3
0:1:31,43.0,56,88,4.4,18,13.0,-406.75,-0.5,-654.7
0:1:36,42.5,56,88,4.4,18,13.5,-340.0,0.25,-303.5
0:1:41,42.75,56,88,4.4,18,13.25,-273.75,0.0,-38.5
0:1:46,42.25,56,88,4.4,18,13.75,-207.0,0.25,303.6999
0:1:51,43.0,56,88,4.4,18,13.0,-140.75,0.0,524.7
0:1:56,46.0,56,88,4.4,18,10.0,-84.5,-0.25,503.7
0:2:1,48.75,56,88,4.4,18,7.25,-42.5,-0.25,446.5
0:2:6,50.25,56,88,4.4,18,5.75,-10.75,-0.75,445.2
0:2:11,50.25,56,88,4.4,18,5.75,19.25,-1.0,572.7
0:2:16,50.75,56,88,4.4,18,5.25,47.75,0.0,672.1
0:2:21,52.0,56,88,4.4,18,4.0,70.75,-0.5,654.3
0:2:26,54.25,56,88,4.4,18,1.75,84.00001,-0.5,514.5999
0:2:31,55.5,56,88,4.4,18,0.5,90.25001,-0.5,432.1
0:2:36,58.0,56,88,4.4,18,-2.0,86.0,-0.25,197.9
0:2:41,59.0,56,88,4.4,18,-3.0,73.0,0.0,57.20001
0:2:46,60.0,56,88,4.4,18,-4.0,52.75,0.25,-115.4
0:2:51,61.75,56,88,4.4,18,-5.75,27.25,-0.75,-399.6
0:2:56,63.5,56,88,4.4,18,-7.5,-6.75,-0.5,-698.7
0:3:1,64.75,56,88,4.4,18,-8.75,-48.5,0.0,-983.4
0:3:6,65.0,56,88,4.4,18,-9.0,-93.75,0.25,-1200.0
0:3:11,65.0,56,88,4.4,18,-9.0,-138.25,-0.25,-1404.8
0:3:16,64.0,56,88,4.4,18,-8.0,-181.0,1.0,-1482.4
0:3:21,64.5,56,88,4.4,18,-8.5,-224.25,0.25,-1730.2
0:3:26,64.25,56,88,4.4,18,-8.25,-264.75,-0.25,-1895.4
0:3:31,63.5,56,88,4.4,18,-7.5,-303.5,-0.25,-1999.9
0:3:36,63.5,56,88,4.4,18,-7.5,-341.0,0.0,-2160.4
0:3:41,63.5,56,88,4.4,18,-7.5,-377.25,-0.75,-2333.4
0:3:46,63.25,56,88,4.4,18,-7.25,-413.75,0.25,-2454.0
0:3:51,63.0,56,88,4.4,18,-7.0,-448.75,0.0,-2590.5
0:3:56,62.5,56,88,4.4,18,-6.5,-483.25,0.5,-2689.3
0:4:1,62.75,56,88,4.4,18,-6.75,-516.5,-0.25,-2871.1
0:4:6,62.75,56,88,4.4,18,-6.75,-550.0,0.0,-3014.0
0:4:11,63.0,56,88,4.4,18,-7.0,-583.5,0.0,-3183.4
0:4:16,62.75,56,88,4.4,18,-6.75,-617.25,0.0,-3309.9
0:4:21,62.5,56,88,4.4,18,-6.5,-650.25,0.5,-3424.1
0:4:26,62.75,56,88,4.4,18,-6.75,-684.25,0.0,-3604.7
0:4:31,63.0,56,88,4.4,18,-7.0,-719.0,-0.25,-3784.1
0:4:36,63.0,56,88,4.4,18,-7.0,-752.75,-0.25,-3932.6
0:4:41,63.25,56,88,4.4,18,-7.25,-786.75,-0.25,-4104.2
0:4:46,62.75,56,88,4.4,18,-6.75,-820.5,0.0,-4204.2
0:4:51,62.25,56,88,4.4,18,-6.25,-853.5,0.25,-4300.9
0:4:56,62.25,56,88,4.4,18,-6.25,-885.75,0.25,-4442.8
0:5:1,62.5,56,88,4.4,18,-6.5,-918.4999,0.0,-4613.4
0:5:6,62.0,56,88,4.4,18,-6.0,-950.0,0.5,-4699.0
0:5:11,62.0,56,88,4.4,18,-6.0,-982.25,0.75,-4836.4
0:5:16,62.0,56,88,4.4,18,-6.0,-1013.75,0.0,-4988.5
0:5:21,62.25,56,88,4.4,18,-6.25,-1044.5,-0.75,-5159.3
0:5:26,62.5,56,88,4.4,18,-6.5,-1075.5,-0.5,-5313.2
0:5:31,62.5,56,88,4.4,18,-6.5,-1107.5,0.25,-5440.5
0:5:36,62.25,56,88,4.4,18,-6.25,-1139.5,-0.25,-5568.3
0:5:41,62.5,56,88,4.4,18,-6.5,-1171.25,0.0,-5725.5
0:5:46,61.75,56,88,4.4,18,-5.75,-1202.25,0.75,-5782.4
0:5:51,61.75,56,88,4.4,18,-5.75,-1232.5,0.5,-5920.0
0:5:56,62.0,56,88,4.4,18,-6.0,-1262.5,-0.25,-6087.5
0:6:1,61.75,56,88,4.4,18,-5.75,-1293.25,0.75,-6182.8
0:6:6,62.0,56,88,4.4,18,-6.0,-1323.5,0.25,-6346.9
0:6:11,61.5,56,88,4.4,18,-5.5,-1352.25,0.75,-6420.4
0:6:16,61.25,56,88,4.4,18,-5.25,-1380.5,0.25,-6531.7
0:6:21,62.0,56,88,4.4,18,-6.0,-1409.5,-0.5,-6738.8
0:6:26,61.75,56,88,4.4,18,-5.75,-1438.25,-0.5,-6843.3
0:6:31,61.75,56,88,4.4,18,-5.75,-1467.0,0.0,-6960.8
0:6:36,61.5,56,88,4.4,18,-5.5,-1495.0,0.25,-7057.5
0:6:41,61.5,56,88,4.4,18,-5.5,-1522.75,0.25,-7179.6
0:6:46,61.5,56,88,4.4,18,-5.5,-1549.5,0.0,-7301.8
0:6:51,61.5,56,88,4.4,18,-5.5,-1576.75,-0.5,-7430.7
0:6:56,61.25,56,88,4.4,18,-5.25,-1604.0,0.25,-7515.1
0:7:1,61.5,56,88,4.4,18,-5.5,-1631.25,0.0,-7661.5
0:7:6,61.25,56,88,4.4,18,-5.25,-1657.0,0.25,-7748.3
0:7:11,61.25,56,88,4.4,18,-5.25,-1683.0,-0.25,-7871.7
0:7:16,61.5,56,88,4.4,18,-5.5,-1709.5,-0.75,-8019.3
0:7:21,61.5,56,88,4.4,18,-5.5,-1735.25,-0.5,-8128.1
0:7:26,61.0,56,88,4.4,18,-5.0,-1761.75,0.25,-8187.201
0:7:31,60.75,56,88,4.4,18,-4.75,-1786.75,0.0,-8279.7
0:7:36,61.0,56,88,4.4,18,-5.0,-1811.25,0.25,-8405.0
0:7:41,60.75,56,88,4.4,18,-4.75,-1835.25,0.0,-8493.099
0:7:46,60.5,56,88,4.4,18,-4.5,-1859.0,0.25,-8571.099
0:7:51,60.75,56,88,4.4,18,-4.75,-1881.5,-0.25,-8701.1
0:7:56,61.0,56,88,4.4,18,-5.0,-1904.25,-0.75,-8832.2
0:8:1,60.5,56,88,4.4,18,-4.5,-1927.25,0.0,-8875.9
0:8:6,60.5,56,88,4.4,18,-4.5,-1949.0,-0.25,-8976.1
0:8:11,61.0,56,88,4.4,18,-5.0,-1970.5,-0.75,-9123.7
0:8:16,60.0,56,88,4.4,18,-4.0,-1992.25,0.0,-9117.9
0:8:21,60.25,56,88,4.4,18,-4.25,-2014.0,0.0,-9235.6
0:8:26,60.25,56,88,4.4,18,-4.25,-2034.5,0.0,-9325.8
0:8:31,60.0,56,88,4.4,18,-4.0,-2054.75,0.0,-9392.9
0:8:36,60.5,56,88,4.4,18,-4.5,-2076.25,0.0,-9531.5
0:8:41,60.25,56,88,4.4,18,-4.25,-2097.5,0.0,-9603.0
0:8:46,59.5,56,88,4.4,18,-3.5,-2117.0,0.25,-9618.3
0:8:51,59.5,56,88,4.4,18,-3.5,-2135.75,0.25,-9700.8
0:8:56,60.0,56,88,4.4,18,-4.0,-2154.25,-0.75,-9844.2
0:9:1,60.0,56,88,4.4,18,-4.0,-2173.75,0.0,-9916.5
0:9:6,60.0,56,88,4.4,18,-4.0,-2192.0,-0.5,-10005.8
0:9:11,59.5,56,88,4.4,18,-3.5,-2210.0,0.25,-10027.5
0:9:16,59.25,56,88,4.4,18,-3.25,-2227.75,0.75,-10074.6
0:9:21,59.25,56,88,4.4,18,-3.25,-2245.5,0.75,-10152.7
0:9:26,59.5,56,88,4.4,18,-3.5,-2264.0,0.5,-10260.6
0:9:31,59.75,56,88,4.4,18,-3.75,-2282.0,-0.5,-10379.8
0:9:36,60.0,56,88,4.4,18,-4.0,-2300.25,-0.25,-10477.6
0:9:41,59.25,56,88,4.4,18,-3.25,-2317.25,0.25,-10477.4
0:9:46,59.75,56,88,4.4,18,-3.75,-2333.75,-0.25,-10603.0
0:9:51,59.5,56,88,4.4,18,-3.5,-2350.75,-0.5,-10660.3
0:9:56,59.5,56,88,4.4,18,-3.5,-2366.5,-0.5,-10729.6
0:10:1,59.5,56,88,4.4,18,-3.5,-2384.0,0.0,-10797.6
0:10:6,58.75,56,88,4.4,18,-2.75,-2399.5,0.5,-10790.8
0:10:11,59.0,56,88,4.4,18,-3.0,-2414.5,0.25,-10883.3
0:10:16,59.25,56,88,4.4,18,-3.25,-2430.25,-0.25,-10983.6
0:10:21,58.25,56,88,4.4,18,-2.25,-2444.75,0.5,-10945.9
0:10:26,59.0,56,88,4.4,18,-3.0,-2459.5,0.0,-11085.8
0:10:31,59.0,56,88,4.4,18,-3.0,-2474.5,-0.25,-11156.3
0:10:36,59.25,56,88,4.4,18,-3.25,-2488.5,-0.5,-11244.4
0:10:41,58.5,56,88,4.4,18,-2.5,-2503.0,0.5,-11224.2
0:10:46,59.0,56,88,4.4,18,-3.0,-2517.75,-0.25,-11346.6
0:10:51,58.75,56,88,4.4,18,-2.75,-2531.75,0.0,-11381.7
0:10:56,58.25,56,88,4.4,18,-2.25,-2545.0,0.5,-11387.0
0:11:1,58.25,56,88,4.4,18,-2.25,-2558.0,0.5,-11444.2
0:11:6,59.0,56,88,4.4,18,-3.0,-2571.75,-0.25,-11584.2
0:11:11,58.25,56,88,4.4,18,-2.25,-2584.0,0.0,-11567.6
0:11:16,58.0,56,88,4.4,18,-2.0,-2596.25,0.5,-11590.5
0:11:21,58.25,56,88,4.4,18,-2.25,-2608.25,0.25,-11669.8
0:11:26,58.25,56,88,4.4,18,-2.25,-2620.25,0.5,-11718.1
0:11:31,58.5,56,88,4.4,18,-2.5,-2632.25,0.0,-11801.9
0:11:36,58.5,56,88,4.4,18,-2.5,-2644.75,0.0,-11856.9
0:11:41,58.5,56,88,4.4,18,-2.5,-2656.75,0.0,-11909.7
0:11:46,58.25,56,88,4.4,18,-2.25,-2667.5,-0.25,-11939.5
0:11:51,58.25,56,88,4.4,18,-2.25,-2678.25,-0.5,-11991.3
0:11:56,58.25,56,88,4.4,18,-2.25,-2688.75,-0.25,-12033.0
0:12:1,58.25,56,88,4.4,18,-2.25,-2699.75,0.0,-12076.9
0:12:6,58.25,56,88,4.4,18,-2.25,-2710.0,-0.25,-12126.5
0:12:11,58.0,56,88,4.4,18,-2.0,-2720.0,-0.25,-12148.5
0:12:16,58.25,56,88,4.4,18,-2.25,-2731.5,0.25,-12212.1
0:12:21,57.75,56,88,4.4,18,-1.75,-2741.0,0.25,-12209.9
0:12:26,58.0,56,88,4.4,18,-2.0,-2750.25,-0.75,-12290.6
0:12:31,57.75,56,88,4.4,18,-1.75,-2759.25,0.0,-12294.7
0:12:36,58.0,56,88,4.4,18,-2.0,-2768.5,-0.25,-12361.9
0:12:41,57.5,56,88,4.4,18,-1.5,-2777.5,0.25,-12348.5
0:12:46,57.5,56,88,4.4,18,-1.5,-2786.0,0.25,-12385.9
0:12:51,57.75,56,88,4.4,18,-1.75,-2794.75,0.25,-12446.4
0:12:56,57.75,56,88,4.4,18,-1.75,-2802.75,0.0,-12486.1
0:13:1,57.0,56,88,4.4,18,-1.0,-2809.5,0.25,-12445.3
0:13:6,57.75,56,88,4.4,18,-1.75,-2818.0,0.0,-12553.2
0:13:11,57.0,56,88,4.4,18,-1.0,-2824.25,0.5,-12505.7
0:13:16,57.5,56,88,4.4,18,-1.5,-2830.75,-0.25,-12591.8
0:13:21,57.5,56,88,4.4,18,-1.5,-2838.25,0.0,-12620.3
0:13:26,57.0,56,88,4.4,18,-1.0,-2843.5,0.25,-12594.9
0:13:31,57.25,56,88,4.4,18,-1.25,-2850.5,0.25,-12647.7
0:13:36,57.5,56,88,4.4,18,-1.5,-2857.5,0.0,-12705.0
0:13:41,57.0,56,88,4.4,18,-1.0,-2863.25,0.0,-12686.3
0:13:46,57.25,56,88,4.4,18,-1.25,-2869.25,-0.25,-12739.2
0:13:51,57.25,56,88,4.4,18,-1.25,-2875.75,0.0,-12763.3
0:13:56,57.25,56,88,4.4,18,-1.25,-2881.25,0.0,-12787.5
0:14:1,57.0,56,88,4.4,18,-1.0,-2886.25,0.0,-12787.5
0:14:6,57.25,56,88,4.4,18,-1.25,-2892.0,-0.25,-12839.3
0:14:11,56.25,56,88,4.4,18,-0.25,-2896.75,1.0,-12749.7
0:14:16,56.75,56,88,4.4,18,-0.75,-2900.25,-0.25,-12831.6
0:14:21,56.25,56,88,4.4,18,-0.25,-2904.0,0.5,-12790.6
0:14:26,56.5,56,88,4.4,18,-0.5,-2906.75,-0.5,-12842.7
0:14:31,56.0,56,88,4.4,18,0.0,-2909.0,0.5,-12790.6
0:14:36,56.75,56,88,4.4,18,-0.75,-2911.25,-0.25,-12880.0
0:14:41,56.0,56,88,4.4,18,0.0,-2913.0,0.75,-12803.7
0:14:46,56.5,56,88,4.4,18,-0.5,-2915.25,0.0,-12871.1
0:14:51,56.5,56,88,4.4,18,-0.5,-2918.0,0.25,-12878.7
0:14:56,56.5,56,88,4.4,18,-0.5,-2920.0,0.0,-12892.0
0:15:1,56.5,56,88,4.4,18,-0.5,-2922.75,0.0,-12904.1
0:15:6,56.75,56,88,4.4,18,-0.75,-2925.25,-0.25,-12941.6
0:15:11,56.25,56,88,4.4,18,-0.25,-2928.0,0.25,-12900.7
0:15:16,56.25,56,88,4.4,18,-0.25,-2928.5,0.25,-12902.9
0:15:21,56.0,56,88,4.4,18,0.0,-2928.75,0.0,-12886.5
0:15:26,55.75,56,88,4.4,18,0.25,-2928.75,0.5,-12855.5
0:15:31,56.25,56,88,4.4,18,-0.25,-2928.25,-0.25,-12910.8
0:15:36,56.25,56,88,4.4,18,-0.25,-2929.25,0.0,-12910.7
0:15:41,56.0,56,88,4.4,18,0.0,-2928.5,0.0,-12885.4
0:15:46,55.75,56,88,4.4,18,0.25,-2928.0,0.25,-12856.7
0:15:51,56.0,56,88,4.4,18,0.0,-2927.0,-0.25,-12883.3
0:15:56,55.75,56,88,4.4,18,0.25,-2925.75,0.5,-12842.3
0:16:1,56.25,56,88,4.4,18,-0.25,-2926.0,-0.25,-12900.9
0:16:6,56.0,56,88,4.4,18,0.0,-2925.5,0.0,-12872.2
0:16:11,55.75,56,88,4.4,18,0.25,-2924.25,0.0,-12844.7
0:16:16,56.0,56,88,4.4,18,0.0,-2924.25,0.0,-12866.7
0:16:21,55.25,56,88,4.4,18,0.75,-2921.5,0.25,-12784.1
0:16:26,55.25,56,88,4.4,18,0.75,-2919.75,0.5,-12771.9
0:16:31,56.0,56,88,4.4,18,0.0,-2917.75,-0.75,-12851.6
0:16:36,55.75,56,88,4.4,18,0.25,-2916.5,0.0,-12810.6
0:16:41,55.5,56,88,4.4,18,0.5,-2915.0,0.0,-12782.0
0:16:46,55.0,56,88,4.4,18,1.0,-2911.75,0.25,-12719.2
0:16:51,55.25,56,88,4.4,18,0.75,-2909.0,0.25,-12729.1
0:16:56,55.5,56,88,4.4,18,0.5,-2906.0,0.0,-12742.4
0:17:1,55.5,56,88,4.4,18,0.5,-2903.25,0.0,-12730.3
0:17:6,55.75,56,88,4.4,18,0.25,-2901.25,0.0,-12743.5
0:17:11,55.25,56,88,4.4,18,0.75,-2897.0,-0.25,-12685.3
0:17:16,55.0,56,88,4.4,18,1.0,-2893.5,0.5,-12634.4
0:17:21,55.25,56,88,4.4,18,0.75,-2890.0,0.0,-12650.0
0:17:26,55.25,56,88,4.4,18,0.75,-2886.0,0.0,-12632.4
0:17:31,54.25,56,88,4.4,18,1.75,-2881.0,1.0,-12504.4
0:17:36,55.25,56,88,4.4,18,0.75,-2875.75,-0.25,-12591.8
0:17:41,55.25,56,88,4.4,18,0.75,-2870.75,-0.5,-12574.3
0:17:46,55.0,56,88,4.4,18,1.0,-2865.5,-0.25,-12524.7
0:17:51,55.0,56,88,4.4,18,1.0,-2860.25,0.0,-12497.1
0:17:56,55.0,56,88,4.4,18,1.0,-2855.25,0.0,-12475.1
0:18:1,55.0,56,88,4.4,18,1.0,-2848.75,0.0,-12446.5
0:18:6,54.75,56,88,4.4,18,1.25,-2843.75,0.25,-12398.0
0:18:11,54.5,56,88,4.4,18,1.5,-2837.25,0.25,-12347.4
0:18:16,54.5,56,88,4.4,18,1.5,-2830.75,-0.25,-12327.8
0:18:21,55.0,56,88,4.4,18,1.0,-2824.5,0.0,-12339.8
0:18:26,54.75,56,88,4.4,18,1.25,-2818.0,0.0,-12289.2
0:18:31,54.75,56,88,4.4,18,1.25,-2811.0,0.0,-12258.4
0:18:36,55.0,56,88,4.4,18,1.0,-2805.0,-0.25,-12258.5
0:18:41,54.75,56,88,4.4,18,1.25,-2798.25,0.0,-12202.3
0:18:46,54.5,56,88,4.4,18,1.5,-2790.75,0.25,-12142.8
0:18:51,54.0,56,88,4.4,18,2.0,-2782.75,0.5,-12059.1
0:18:56,54.5,56,88,4.4,18,1.5,-2774.75,0.0,-12076.9
0:19:1,54.0,56,88,4.4,18,2.0,-2767.0,0.75,-11985.3
0:19:6,54.0,56,88,4.4,18,2.0,-2758.5,0.5,-11952.4
0:19:11,54.5,56,88,4.4,18,1.5,-2750.75,0.0,-11971.3
0:19:16,54.5,56,88,4.4,18,1.5,-2743.5,0.0,-11939.4
0:19:21,54.0,56,88,4.4,18,2.0,-2735.25,0.5,-11850.1
0:19:26,54.25,56,88,4.4,18,1.75,-2727.0,0.5,-11835.8
0:19:31,54.5,56,88,4.4,18,1.5,-2718.25,-0.25,-11832.8
0:19:36,54.0,56,88,4.4,18,2.0,-2709.0,0.25,-11739.1
0:19:41,54.0,56,88,4.4,18,2.0,-2699.0,-0.5,-11708.6
0:19:46,54.0,56,88,4.4,18,2.0,-2690.0,0.25,-11655.5
0:19:51,53.75,56,88,4.4,18,2.25,-2679.75,0.25,-11588.4
0:19:56,53.75,56,88,4.4,18,2.25,-2669.25,0.0,-11546.7
0:20:1,53.75,56,88,4.4,18,2.25,-2658.0,0.25,-11492.7
0:20:6,53.5,56,88,4.4,18,2.5,-2647.0,0.25,-11422.3
0:20:11,53.75,56,88,4.4,18,2.25,-2636.0,0.0,-11400.4
0:20:16,54.0,56,88,4.4,18,2.0,-2625.0,-0.75,-11387.5
0:20:21,53.5,56,88,4.4,18,2.5,-2613.75,0.25,-11276.0
0:20:26,53.5,56,88,4.4,18,2.5,-2602.25,0.0,-11229.9
0:20:31,54.0,56,88,4.4,18,2.0,-2592.0,0.0,-11228.8
0:20:36,54.0,56,88,4.4,18,2.0,-2581.5,-0.25,-11187.1
0:20:41,53.5,56,88,4.4,18,2.5,-2569.25,0.25,-11080.2
0:20:46,54.0,56,88,4.4,18,2.0,-2557.75,-0.25,-11082.6
0:20:51,53.5,56,88,4.4,18,2.5,-2546.0,0.25,-10977.9
0:20:56,53.5,56,88,4.4,18,2.5,-2534.0,0.25,-10925.1
0:21:1,53.75,56,88,4.4,18,2.25,-2521.75,-0.5,-10906.7
0:21:6,53.5,56,88,4.4,18,2.5,-2510.0,0.25,-10819.5
0:21:11,53.5,56,88,4.4,18,2.5,-2497.25,-0.25,-10772.4
0:21:16,53.25,56,88,4.4,18,2.75,-2484.5,0.5,-10680.8
0:21:22,52.75,56,88,4.4,18,3.25,-2467.75,0.375,-10565.35
0:21:27,53.25,56,88,4.4,18,2.75,-2454.5,0.25,-10553.3
0:21:32,53.25,56,88,4.4,18,2.75,-2441.25,0.5,-10490.5
0:21:37,53.5,56,88,4.4,18,2.5,-2428.25,-0.5,-10473.3
0:21:42,53.0,56,88,4.4,18,3.0,-2414.5,0.25,-10355.3
0:21:47,53.5,56,88,4.4,18,2.5,-2400.75,-0.5,-10352.3
0:21:52,53.25,56,88,4.4,18,2.75,-2386.5,-0.5,-10267.6
0:21:57,53.25,56,88,4.4,18,2.75,-2373.0,0.0,-10199.2
0:22:2,52.75,56,88,4.4,18,3.25,-2358.5,0.25,-10086.9
0:22:7,53.5,56,88,4.4,18,2.5,-2345.25,-0.25,-10103.6
0:22:12,53.25,56,88,4.4,18,2.75,-2329.5,-0.25,-10012.3
0:22:17,53.0,56,88,4.4,18,3.0,-2314.25,-0.25,-9923.201
0:22:22,53.5,56,88,4.4,18,2.5,-2300.25,-0.25,-9905.601
0:22:27,53.0,56,88,4.4,18,3.0,-2285.25,-0.25,-9795.6
0:22:32,53.0,56,88,4.4,18,3.0,-2270.5,0.0,-9726.2
0:22:37,52.5,56,88,4.4,18,3.5,-2254.75,0.25,-9608.4
0:22:42,53.0,56,88,4.4,18,3.0,-2238.0,-0.5,-9592.2
0:22:47,52.75,56,88,4.4,18,3.25,-2222.5,0.25,-9488.5
0:22:52,52.75,56,88,4.4,18,3.25,-2206.25,0.25,-9417.0
0:22:57,52.75,56,88,4.4,18,3.25,-2188.5,-0.25,-9347.9
0:23:2,52.75,56,88,4.4,18,3.25,-2172.75,0.25,-9269.601
0:23:7,52.5,56,88,4.4,18,3.5,-2156.75,0.0,-9181.701
0:23:12,52.75,56,88,4.4,18,3.25,-2139.75,0.0,-9128.901
0:23:17,52.25,56,88,4.4,18,3.75,-2121.75,0.25,-9001.201
0:23:22,52.5,56,88,4.4,18,3.5,-2105.0,0.25,-8949.5
0:23:27,52.75,56,88,4.4,18,3.25,-2087.0,-0.75,-8910.3
0:23:32,52.25,56,88,4.4,18,3.75,-2069.25,0.25,-8770.201
0:23:37,52.5,56,88,4.4,18,3.5,-2051.75,0.0,-8719.7
0:23:42,52.0,56,88,4.4,18,4.0,-2033.25,0.25,-8589.8
0:23:47,52.25,56,88,4.4,18,3.75,-2014.5,0.0,-8533.8
0:23:52,51.75,56,88,4.4,18,4.25,-1995.5,0.5,-8397.201
0:23:57,52.5,56,88,4.4,18,3.5,-1976.25,-0.5,-8396.5
0:24:2,52.25,56,88,4.4,18,3.75,-1957.25,-0.25,-8286.4
0:24:7,52.0,56,88,4.4,18,4.0,-1938.75,0.5,-8169.5
0:24:12,52.0,56,88,4.4,18,4.0,-1918.25,-0.25,-8092.799
0:24:17,52.25,56,88,4.4,18,3.75,-1899.0,0.25,-8021.101
0:24:22,52.0,56,88,4.4,18,4.0,-1878.25,-0.25,-7916.8
0:24:27,51.75,56,88,4.4,18,4.25,-1858.0,0.25,-7796.7
0:24:32,52.25,56,88,4.4,18,3.75,-1837.75,-0.5,-7765.1
0:24:37,51.75,56,88,4.4,18,4.25,-1817.25,-0.25,-7626.4
0:24:42,51.75,56,88,4.4,18,4.25,-1796.25,0.25,-7525.0
0:24:47,51.5,56,88,4.4,18,4.5,-1774.75,-0.5,-7421.9
0:24:52,52.0,56,88,4.4,18,4.0,-1754.25,-0.5,-7375.7
0:24:57,51.75,56,88,4.4,18,4.25,-1733.0,0.25,-7246.7
0:25:2,51.5,56,88,4.4,18,4.5,-1711.5,0.0,-7134.6
0:25:7,51.75,56,88,4.4,18,4.25,-1689.75,0.0,-7060.9
0:25:12,52.0,56,88,4.4,18,4.0,-1668.5,-1.0,-7007.401
0:25:17,51.75,56,88,4.4,18,4.25,-1646.0,-0.25,-6872.9
0:25:22,51.5,56,88,4.4,18,4.5,-1624.0,0.0,-6749.6
0:25:27,51.75,56,88,4.4,18,4.25,-1601.25,-0.25,-6676.0
0:25:32,51.25,56,88,4.4,18,4.75,-1579.0,0.5,-6520.6
0:25:37,51.75,56,88,4.4,18,4.25,-1557.25,-0.5,-6486.9
0:25:42,51.75,56,88,4.4,18,4.25,-1534.75,0.0,-6378.9
0:25:47,50.75,56,88,4.4,18,5.25,-1510.25,0.5,-6174.1
0:25:52,51.5,56,88,4.4,18,4.5,-1487.0,0.0,-6146.801
0:25:57,51.5,56,88,4.4,18,4.5,-1464.5,0.0,-6047.8
0:26:2,51.25,56,88,4.4,18,4.75,-1441.5,0.25,-5920.1
0:26:7,51.25,56,88,4.4,18,4.75,-1416.75,-0.5,-5824.7
0:26:12,51.25,56,88,4.4,18,4.75,-1393.5,0.25,-5708.9
0:26:17,51.25,56,88,4.4,18,4.75,-1369.5,-0.25,-5612.3
0:26:22,50.75,56,88,4.4,18,5.25,-1345.0,0.75,-5442.5
0:26:27,51.0,56,88,4.4,18,5.0,-1320.0,0.25,-5363.5
0:26:32,51.25,56,88,4.4,18,4.75,-1296.25,0.25,-5281.0
0:26:37,50.75,56,88,4.4,18,5.25,-1271.25,0.5,-5122.5
0:26:42,51.5,56,88,4.4,18,4.5,-1247.75,-0.25,-5098.6
0:26:47,51.25,56,88,4.4,18,4.75,-1222.75,-0.5,-4971.1
0:26:52,51.0,56,88,4.4,18,5.0,-1197.75,0.0,-4830.1
0:26:57,51.25,56,88,4.4,18,4.75,-1173.0,-0.25,-4747.7
0:27:2,51.0,56,88,4.4,18,5.0,-1147.0,-0.75,-4620.3
0:27:7,50.5,56,88,4.4,18,5.5,-1121.5,0.5,-4441.6
0:27:12,50.5,56,88,4.4,18,5.5,-1095.25,0.25,-4330.6
0:27:17,50.5,56,88,4.4,18,5.5,-1069.0,0.25,-4215.1
0:27:22,50.75,56,88,4.4,18,5.25,-1042.75,-0.25,-4130.6
0:27:27,51.0,56,88,4.4,18,5.0,-1017.75,0.0,-4038.1
0:27:32,50.25,56,88,4.4,18,5.75,-991.0,0.25,-3849.9
0:27:37,50.5,56,88,4.4,18,5.5,-964.75,0.5,-3751.9
0:27:42,50.75,56,88,4.4,18,5.25,-938.25,-0.25,-3670.8
0:27:47,50.25,56,88,4.4,18,5.75,-912.0,0.25,-3502.3
0:27:52,50.75,56,88,4.4,18,5.25,-884.9999,-0.25,-3436.5
0:27:57,50.75,56,88,4.4,18,5.25,-857.7499,-0.5,-3321.1
0:28:2,50.5,56,88,4.4,18,5.5,-830.0,0.25,-3163.5
0:28:7,50.75,56,88,4.4,18,5.25,-802.75,-0.5,-3079.1
0:28:12,50.75,56,88,4.4,18,5.25,-775.75,0.0,-2951.3
0:28:17,49.75,56,88,4.4,18,6.25,-746.5,0.25,-2730.1
0:28:22,50.75,56,88,4.4,18,5.25,-719.5,-0.5,-2712.8
0:28:27,50.5,56,88,4.4,18,5.5,-691.0,-0.5,-2565.4
0:28:32,50.5,56,88,4.4,18,5.5,-663.25,-0.25,-2438.8
0:28:37,50.5,56,88,4.4,18,5.5,-634.5,0.0,-2307.8
0:28:42,50.5,56,88,4.4,18,5.5,-606.5,0.0,-2184.6
0:28:47,50.5,56,88,4.4,18,5.5,-578.0,-0.75,-2072.7
0:28:52,49.75,56,88,4.4,18,6.25,-548.0,0.25,-1856.7
0:28:57,50.25,56,88,4.4,18,5.75,-519.0,0.0,-1777.6
0:29:2,50.25,56,88,4.4,18,5.75,-489.5,-0.5,-1656.8
0:29:7,50.0,56,88,4.4,18,6.0,-460.25,0.5,-1488.1
0:29:12,49.75,56,88,4.4,18,6.25,-430.75,0.75,-1331.8
0:29:17,49.75,56,88,4.4,18,6.25,-400.5,0.25,-1207.7
0:29:22,50.0,56,88,4.4,18,6.0,-369.75,0.0,-1098.9
0:29:27,50.25,56,88,4.4,18,5.75,-339.5,-0.25,-992.3
0:29:32,50.0,56,88,4.4,18,6.0,-308.5,-0.5,-838.4
0:29:37,49.75,56,88,4.4,18,6.25,-276.75,0.0,-667.7001
0:29:42,49.75,56,88,4.4,18,6.25,-246.0,0.25,-527.9
0:29:47,50.0,56,88,4.4,18,6.0,-215.0,-0.25,-422.5
0:29:52,49.75,56,88,4.4,18,6.25,-184.5,0.5,-252.8
0:29:57,49.75,56,88,4.4,18,6.25,-153.5,0.25,-120.9
0:30:2,49.75,56,88,4.4,18,6.25,-123.0,0.0,8.799988
0:30:7,49.75,56,88,4.4,18,6.25,-90.25001,-0.25,148.4
0:30:12,51.0,56,88,4.4,18,5.0,-61.5,-0.75,155.9
0:30:18,54.5,56,88,4.4,18,1.5,-42.75,-1.25,-78.60001
0:30:23,56.75,56,88,4.4,18,-0.75,-42.25,-1.0,-269.9
0:30:28,55.75,56,88,4.4,18,0.25,-43.25,0.5,-159.3
0:30:33,56.5,56,88,4.4,18,-0.5,-45.25,-0.25,-247.6
0:30:38,57.0,56,88,4.4,18,-1.0,-49.25,0.0,-304.7
0:30:43,56.5,56,88,4.4,18,-0.5,-52.25,0.25,-269.4
0:30:48,56.75,56,88,4.4,18,-0.75,-55.25,0.0,-309.1
0:30:53,56.0,56,88,4.4,18,0.0,-56.5,0.25,-244.1
0:30:58,55.75,56,88,4.4,18,0.25,-56.5,0.25,-222.1
0:31:3,55.0,56,88,4.4,18,1.0,-54.25,0.75,-137.2
0:31:8,55.5,56,88,4.4,18,0.5,-51.25,-0.25,-186.0
0:31:13,55.5,56,88,4.4,18,0.5,-47.75,0.25,-161.6
0:31:18,55.5,56,88,4.4,18,0.5,-45.5,0.0,-156.2
0:31:23,54.75,56,88,4.4,18,1.25,-41.25,0.5,-62.5
0:31:28,55.0,56,88,4.4,18,1.0,-36.25,-0.25,-76.0
0:31:33,54.75,56,88,4.4,18,1.25,-30.5,0.0,-24.2
0:31:38,54.75,56,88,4.4,18,1.25,-24.75,0.0,1.099998
0:31:43,54.75,56,88,4.4,18,1.25,-17.75,-0.5,22.9
0:31:48,57.0,56,88,4.4,18,-1.0,-16.25,-0.5,-168.5
0:31:53,60.0,56,88,4.4,18,-4.0,-28.0,-1.25,-497.7
0:31:58,59.75,56,88,4.4,18,-3.75,-48.25,0.25,-537.8
0:32:3,59.5,56,88,4.4,18,-3.5,-66.75,-0.25,-606.2
0:32:8,59.75,56,88,4.4,18,-3.75,-84.00001,-0.25,-704.0999
0:32:13,59.5,56,88,4.4,18,-3.5,-100.5,0.0,-750.2
0:32:18,59.5,56,88,4.4,18,-3.5,-117.0,-0.5,-831.8
0:32:23,59.5,56,88,4.4,18,-3.5,-133.25,-0.5,-903.3
0:32:28,58.5,56,88,4.4,18,-2.5,-147.25,0.25,-863.4
0:32:33,58.0,56,88,4.4,18,-2.0,-160.0,0.75,-866.5
0:32:38,58.25,56,88,4.4,18,-2.25,-171.25,0.0,-951.4999
0:32:43,57.5,56,88,4.4,18,-1.5,-180.0,0.0,-924.0
0:32:48,57.75,56,88,4.4,18,-1.75,-188.0,-0.25,-985.7
0:32:53,57.5,56,88,4.4,18,-1.5,-196.5,0.25,-992.1
0:32:58,57.5,56,88,4.4,18,-1.5,-204.5,0.0,-1031.8
0:33:3,57.0,56,88,4.4,18,-1.0,-210.75,0.0,-1015.3
0:33:8,57.5,56,88,4.4,18,-1.5,-217.25,-0.5,-1096.9
0:33:13,56.75,56,88,4.4,18,-0.75,-223.75,0.75,-1037.0
0:33:18,57.25,56,88,4.4,18,-1.25,-231.0,0.25,-1121.9
0:33:23,57.25,56,88,4.4,18,-1.25,-238.5,0.25,-1154.9
0:33:28,56.75,56,88,4.4,18,-0.75,-244.0,0.5,-1130.6
0:33:33,57.25,56,88,4.4,18,-1.25,-250.25,-0.5,-1220.1
0:33:38,57.25,56,88,4.4,18,-1.25,-255.25,-0.5,-1242.1
0:33:43,57.25,56,88,4.4,18,-1.25,-260.75,-0.5,-1266.3
0:33:48,57.0,56,88,4.4,18,-1.0,-264.75,0.0,-1252.9
0:33:53,57.0,56,88,4.4,18,-1.0,-268.75,-0.25,-1275.0
0:33:58,56.25,56,88,4.4,18,-0.25,-272.5,0.0,-1221.0
0:34:3,57.0,56,88,4.4,18,-1.0,-276.5,0.0,-1304.6
0:34:8,56.25,56,88,4.4,18,-0.25,-279.25,0.0,-1250.7
0:34:13,56.5,56,88,4.4,18,-0.5,-281.75,-0.5,-1292.7
0:34:18,57.0,56,88,4.4,18,-1.0,-285.5,-0.5,-1353.2
0:34:23,56.25,56,88,4.4,18,-0.25,-288.5,0.5,-1282.4
0:34:28,56.75,56,88,4.4,18,-0.75,-291.0,-0.5,-1355.4
0:34:33,56.5,56,88,4.4,18,-0.5,-292.5,0.0,-1331.0
0:34:38,56.75,56,88,4.4,18,-0.75,-295.25,-0.5,-1374.1
0:34:43,56.25,56,88,4.4,18,-0.25,-297.25,-0.25,-1334.4
0:34:48,55.75,56,88,4.4,18,0.25,-299.25,1.0,-1276.7
0:34:53,56.5,56,88,4.4,18,-0.5,-301.75,-0.25,-1376.2
0:34:58,56.25,56,88,4.4,18,-0.25,-303.5,0.5,-1348.4
0:35:3,55.5,56,88,4.4,18,0.5,-304.0,0.75,-1280.1
0:35:8,55.75,56,88,4.4,18,0.25,-304.5,0.5,-1308.8
0:35:13,56.5,56,88,4.4,18,-0.5,-306.25,-0.5,-1400.5
0:35:18,56.0,56,88,4.4,18,0.0,-306.75,0.5,-1340.7
0:35:23,55.75,56,88,4.4,18,0.25,-306.75,0.25,-1323.2
0:35:28,56.5,56,88,4.4,18,-0.5,-307.75,-0.25,-1402.6
0:35:33,56.0,56,88,4.4,18,0.0,-306.75,-0.25,-1354.2
0:35:38,56.0,56,88,4.4,18,0.0,-307.25,0.0,-1351.9
0:35:43,56.25,56,88,4.4,18,-0.25,-306.75,-0.25,-1376.2
0:35:48,55.75,56,88,4.4,18,0.25,-306.0,0.0,-1324.4
0:35:53,56.0,56,88,4.4,18,0.0,-304.5,-0.5,-1348.8
0:35:58,55.75,56,88,4.4,18,0.25,-304.0,0.0,-1315.6
0:36:3,56.0,56,88,4.4,18,0.0,-302.75,-0.5,-1341.1
0:36:8,55.0,56,88,4.4,18,1.0,-299.5,0.5,-1220.8
0:36:13,55.0,56,88,4.4,18,1.0,-296.0,0.75,-1200.9
0:36:18,55.25,56,88,4.4,18,0.75,-293.5,-0.25,-1229.9
0:36:23,55.25,56,88,4.4,18,0.75,-291.5,0.5,-1207.6
0:36:28,55.5,56,88,4.4,18,0.5,-286.75,-0.75,-1231.2
0:36:33,55.5,56,88,4.4,18,0.5,-282.5,-0.75,-1212.5
0:36:38,55.5,56,88,4.4,18,0.5,-279.25,0.0,-1184.7
0:36:43,55.5,56,88,4.4,18,0.5,-276.0,0.0,-1170.4
0:36:48,55.0,56,88,4.4,18,1.0,-271.75,0.25,-1103.2
0:36:53,55.25,56,88,4.4,18,0.75,-267.5,-0.5,-1120.0
0:36:58,55.5,56,88,4.4,18,0.5,-263.75,-0.25,-1121.0
0:37:3,55.25,56,88,4.4,18,0.75,-259.25,0.0,-1074.7
0:37:8,55.25,56,88,4.4,18,0.75,-255.25,0.25,-1052.6
0:37:13,55.0,56,88,4.4,18,1.0,-250.5,0.25,-1009.7
0:37:18,54.5,56,88,4.4,18,1.5,-245.75,0.75,-935.8001
0:37:23,54.5,56,88,4.4,18,1.5,-239.5,-0.5,-930.8001
0:37:28,54.75,56,88,4.4,18,1.25,-233.25,0.25,-911.8
0:37:33,55.0,56,88,4.4,18,1.0,-228.0,-0.25,-919.7
0:37:38,54.75,56,88,4.4,18,1.25,-222.25,0.25,-863.4
0:37:43,55.0,56,88,4.4,18,1.0,-216.75,0.0,-865.7
0:37:48,55.0,56,88,4.4,18,1.0,-211.0,-0.25,-844.9
0:37:53,54.5,56,88,4.4,18,1.5,-204.25,0.0,-766.7
0:37:58,55.0,56,88,4.4,18,1.0,-198.25,0.0,-784.3
0:38:3,54.75,56,88,4.4,18,1.25,-191.75,0.0,-733.7
0:38:8,54.25,56,88,4.4,18,1.75,-184.75,0.25,-654.4
0:38:13,55.0,56,88,4.4,18,1.0,-178.5,-0.5,-706.4
0:38:18,54.25,56,88,4.4,18,1.75,-170.75,0.5,-588.3
0:38:23,54.25,56,88,4.4,18,1.75,-163.25,0.0,-564.3
0:38:28,54.75,56,88,4.4,18,1.25,-155.75,-0.75,-588.8
0:38:33,54.75,56,88,4.4,18,1.25,-147.75,-0.25,-544.6
0:38:38,54.25,56,88,4.4,18,1.75,-140.0,0.0,-462.0
0:38:43,54.75,56,88,4.4,18,1.25,-132.25,-0.75,-485.4
0:38:48,54.0,56,88,4.4,18,2.0,-124.25,0.5,-361.7
0:38:53,54.25,56,88,4.4,18,1.75,-116.25,0.5,-348.5
0:38:58,54.5,56,88,4.4,18,1.5,-108.25,-0.5,-353.3
0:39:3,54.25,56,88,4.4,18,1.75,-100.25,0.25,-282.6
0:39:8,54.25,56,88,4.4,18,1.75,-91.25,-0.25,-252.0
0:39:13,54.25,56,88,4.4,18,1.75,-82.25,-0.5,-216.9
0:39:18,54.25,56,88,4.4,18,1.75,-73.75,0.25,-166.0
0:39:23,54.0,56,88,4.4,18,2.0,-63.25,-0.75,-115.8
0:39:28,54.25,56,88,4.4,18,1.75,-54.75,0.25,-82.40001
0:39:33,54.0,56,88,4.4,18,2.0,-45.75,0.5,-16.3
0:39:38,53.75,56,88,4.4,18,2.25,-35.75,0.25,45.2
0:39:43,54.25,56,88,4.4,18,1.75,-26.5,-0.25,32.89999
0:39:48,55.75,56,88,4.4,18,0.25,-22.0,0.0,-74.8
0:39:53,59.0,56,88,4.4,18,-3.0,-31.5,-1.0,-420.6
0:39:58,59.0,56,88,4.4,18,-3.0,-47.0,0.25,-466.3
0:40:3,58.25,56,88,4.4,18,-2.25,-59.75,0.25,-456.4
0:40:8,58.75,56,88,4.4,18,-2.75,-72.0,-0.5,-567.8
0:40:13,58.25,56,88,4.4,18,-2.25,-83.5,0.0,-565.4
0:40:18,58.0,56,88,4.4,18,-2.0,-95.0,0.5,-585.0
0:40:23,58.25,56,88,4.4,18,-2.25,-107.0,0.0,-668.8
0:40:28,58.25,56,88,4.4,18,-2.25,-117.5,-0.5,-724.0
0:40:33,58.25,56,88,4.4,18,-2.25,-127.5,-0.25,-763.5
0:40:38,57.5,56,88,4.4,18,-1.5,-135.75,0.0,-729.3
0:40:43,58.0,56,88,4.4,18,-2.0,-143.25,-0.75,-819.8
0:40:48,57.25,56,88,4.4,18,-1.25,-150.75,0.25,-768.8
0:40:53,57.5,56,88,4.4,18,-1.5,-157.75,-0.25,-830.6
0:40:58,56.5,56,88,4.4,18,-0.5,-161.5,0.25,-750.1
0:41:3,57.0,56,88,4.4,18,-1.0,-164.5,-0.25,-816.3
0:41:8,56.25,56,88,4.4,18,-0.25,-167.25,0.5,-748.9
0:41:13,56.75,56,88,4.4,18,-0.75,-170.0,0.0,-813.9999
0:41:18,56.25,56,88,4.4,18,-0.25,-172.0,0.5,-769.7999
0:41:23,56.5,56,88,4.4,18,-0.5,-173.75,0.25,-804.0
0:41:28,55.75,56,88,4.4,18,0.25,-176.0,1.0,-734.4
0:41:33,55.75,56,88,4.4,18,0.25,-176.25,0.75,-740.0
0:41:38,56.25,56,88,4.4,18,-0.25,-178.5,0.5,-798.4
0:41:43,56.0,56,88,4.4,18,0.0,-179.75,0.5,-781.9
0:41:48,56.0,56,88,4.4,18,0.0,-180.0,-0.25,-796.5
0:41:53,56.0,56,88,4.4,18,0.0,-180.5,0.5,-785.2
0:41:58,56.25,56,88,4.4,18,-0.25,-181.0,0.0,-818.4
0:42:3,56.25,56,88,4.4,18,-0.25,-182.25,-0.25,-828.4
0:42:8,55.75,56,88,4.4,18,0.25,-182.75,0.5,-773.1
0:42:13,55.75,56,88,4.4,18,0.25,-182.5,0.0,-781.0
0:42:18,55.5,56,88,4.4,18,0.5,-182.5,0.25,-754.5
0:42:23,56.0,56,88,4.4,18,0.0,-182.0,-0.25,-805.2999
0:42:28,56.0,56,88,4.4,18,0.0,-181.25,0.25,-793.0
0:42:33,56.0,56,88,4.4,18,0.0,-180.5,0.0,-794.2
0:42:38,55.75,56,88,4.4,18,0.25,-179.5,0.0,-767.7999
0:42:43,55.5,56,88,4.4,18,0.5,-178.25,0.5,-731.3
0:42:48,55.5,56,88,4.4,18,0.5,-177.0,0.5,-725.8
0:42:53,55.5,56,88,4.4,18,0.5,-175.25,0.25,-722.6
0:42:58,55.25,56,88,4.4,18,0.75,-173.0,0.5,-686.2
0:43:3,55.25,56,88,4.4,18,0.75,-170.0,0.0,-682.0
0:43:8,55.5,56,88,4.4,18,0.5,-167.75,-0.25,-698.6
0:43:13,56.0,56,88,4.4,18,0.0,-164.75,-1.0,-742.9
0:43:18,55.75,56,88,4.4,18,0.25,-162.0,-0.25,-695.3
0:43:23,55.5,56,88,4.4,18,0.5,-159.5,-0.25,-662.3
0:43:28,55.5,56,88,4.4,18,0.5,-156.5,0.0,-644.6
0:43:33,55.5,56,88,4.4,18,0.5,-153.75,0.25,-628.0
0:43:38,55.25,56,88,4.4,18,0.75,-150.0,0.25,-589.5
0:43:43,55.0,56,88,4.4,18,1.0,-144.75,0.0,-548.9
0:43:48,55.25,56,88,4.4,18,0.75,-139.75,-0.25,-553.4
0:43:53,55.0,56,88,4.4,18,1.0,-135.0,0.25,-501.5
0:43:58,55.0,56,88,4.4,18,1.0,-130.0,0.0,-484.0
0:44:3,54.75,56,88,4.4,18,1.25,-124.5,0.25,-433.3
0:44:8,55.0,56,88,4.4,18,1.0,-119.75,0.0,-438.9
0:44:13,55.25,56,88,4.4,18,0.75,-114.0,-0.5,-444.6
0:44:18,54.5,56,88,4.4,18,1.5,-107.5,0.25,-336.5
0:44:23,54.75,56,88,4.4,18,1.25,-101.25,0.25,-331.0
0:44:28,55.0,56,88,4.4,18,1.0,-95.0,-0.5,-339.0
0:44:33,54.5,56,88,4.4,18,1.5,-87.75001,-0.25,-258.6
0:44:38,54.25,56,88,4.4,18,1.75,-81.50001,0.5,-195.6
0:44:43,54.5,56,88,4.4,18,1.5,-74.0,-0.25,-198.1
0:44:48,54.75,56,88,4.4,18,1.25,-67.5,0.0,-187.0
0:44:53,54.75,56,88,4.4,18,1.25,-60.5,-0.5,-165.2
0:44:58,54.25,56,88,4.4,18,1.75,-53.5,0.5,-72.40001
0:45:3,54.25,56,88,4.4,18,1.75,-45.0,0.0,-44.0
0:45:8,54.25,56,88,4.4,18,1.75,-37.75,0.5,-3.100006
0:45:13,54.5,56,88,4.4,18,1.5,-30.0,0.0,0.0
0:45:18,54.25,56,88,4.4,18,1.75,-21.75,0.25,62.8
0:45:23,56.25,56,88,4.4,18,-0.25,-16.75,-1.5,-122.7
0:45:28,59.0,56,88,4.4,18,-3.0,-27.0,-0.75,-396.3
0:45:33,60.25,56,88,4.4,18,-4.25,-46.0,0.0,-576.4
0:45:38,59.75,56,88,4.4,18,-3.75,-64.75,0.0,-614.9
0:45:43,60.0,56,88,4.4,18,-4.0,-82.5,-0.75,-728.5
0:45:48,59.75,56,88,4.4,18,-3.75,-100.75,-0.25,-777.8
0:45:53,59.75,56,88,4.4,18,-3.75,-119.5,0.25,-851.3
0:45:58,59.75,56,88,4.4,18,-3.75,-138.0,0.0,-937.2
0:46:3,59.75,56,88,4.4,18,-3.75,-155.5,-0.25,-1018.7
0:46:8,59.0,56,88,4.4,18,-3.0,-171.0,0.25,-1011.9
0:46:13,59.25,56,88,4.4,18,-3.25,-184.75,-0.25,-1103.4
0:46:18,58.25,56,88,4.4,18,-2.25,-197.0,0.25,-1060.3
0:46:23,58.5,56,88,4.4,18,-2.5,-208.0,0.0,-1135.2
0:46:28,58.25,56,88,4.4,18,-2.25,-219.5,0.0,-1163.8
0:46:33,58.0,56,88,4.4,18,-2.0,-230.0,0.0,-1188.0
0:46:38,58.0,56,88,4.4,18,-2.0,-239.25,-0.5,-1237.7
0:46:43,57.75,56,88,4.4,18,-1.75,-247.75,0.0,-1244.1
0:46:48,57.75,56,88,4.4,18,-1.75,-256.25,0.0,-1281.5
0:46:53,57.75,56,88,4.4,18,-1.75,-265.25,0.0,-1321.1
0:46:58,57.75,56,88,4.4,18,-1.75,-273.5,0.25,-1352.9
0:47:3,57.5,56,88,4.4,18,-1.5,-281.25,0.0,-1369.5
0:47:8,57.5,56,88,4.4,18,-1.5,-289.0,0.25,-1399.1
0:47:13,57.5,56,88,4.4,18,-1.5,-295.5,-0.25,-1436.7
0:47:18,57.5,56,88,4.4,18,-1.5,-303.0,0.0,-1465.2
0:47:23,57.75,56,88,4.4,18,-1.75,-310.75,-0.25,-1525.8
0:47:28,56.75,56,88,4.4,18,-0.75,-316.5,0.75,-1445.1
0:47:33,57.5,56,88,4.4,18,-1.5,-323.5,-0.25,-1559.9
0:47:38,57.5,56,88,4.4,18,-1.5,-329.5,-0.5,-1590.8
0:47:43,57.25,56,88,4.4,18,-1.25,-335.25,-0.25,-1589.6
0:47:48,57.0,56,88,4.4,18,-1.0,-340.5,0.25,-1581.7
0:47:53,57.25,56,88,4.4,18,-1.25,-345.0,-0.75,-1641.5
0:47:58,57.0,56,88,4.4,18,-1.0,-350.0,0.0,-1628.0
0:48:3,57.0,56,88,4.4,18,-1.0,-354.5,-0.5,-1656.8
0:48:8,57.0,56,88,4.4,18,-1.0,-358.25,-0.75,-1677.8
0:48:13,56.5,56,88,4.4,18,-0.5,-362.0,0.5,-1627.8
0:48:18,56.25,56,88,4.4,18,-0.25,-364.0,0.25,-1619.1
0:48:23,56.75,56,88,4.4,18,-0.75,-367.0,0.0,-1680.8
0:48:28,56.75,56,88,4.4,18,-0.75,-370.25,-0.25,-1699.6
0:48:33,56.75,56,88,4.4,18,-0.75,-373.5,-0.5,-1718.4
0:48:38,57.0,56,88,4.4,18,-1.0,-376.25,-0.25,-1748.0
0:48:43,56.5,56,88,4.4,18,-0.5,-378.25,-0.25,-1712.8
0:48:48,56.25,56,88,4.4,18,-0.25,-380.75,0.75,-1683.8
0:48:53,56.0,56,88,4.4,18,0.0,-381.75,-0.25,-1684.2
0:48:58,56.5,56,88,4.4,18,-0.5,-384.25,0.25,-1730.2
0:49:3,56.25,56,88,4.4,18,-0.25,-385.5,0.5,-1709.2
0:49:8,56.5,56,88,4.4,18,-0.5,-387.0,-0.25,-1751.3
0:49:13,56.5,56,88,4.4,18,-0.5,-388.25,-0.25,-1756.8
0:49:18,56.25,56,88,4.4,18,-0.25,-389.25,-0.25,-1739.2
0:49:23,56.25,56,88,4.4,18,-0.25,-390.0,-0.25,-1742.5
0:49:28,56.25,56,88,4.4,18,-0.25,-390.25,-0.5,-1748.1
0:49:33,56.0,56,88,4.4,18,0.0,-389.75,-0.5,-1723.9
0:49:38,55.75,56,88,4.4,18,0.25,-389.5,0.25,-1687.3
0:49:43,56.0,56,88,4.4,18,0.0,-389.25,0.0,-1712.7
0:49:48,55.75,56,88,4.4,18,0.25,-388.0,-0.25,-1689.7
0:49:53,55.75,56,88,4.4,18,0.25,-387.0,0.0,-1680.8
0:49:58,55.75,56,88,4.4,18,0.25,-384.75,-0.5,-1679.9
0:50:3,56.0,56,88,4.4,18,0.0,-383.25,-0.25,-1690.8
0:50:8,56.0,56,88,4.4,18,0.0,-382.0,0.0,-1680.8
0:50:13,54.75,56,88,4.4,18,1.25,-378.75,0.75,-1543.0
0:50:18,55.5,56,88,4.4,18,0.5,-376.0,0.25,-1605.9
0:50:23,55.25,56,88,4.4,18,0.75,-373.5,0.0,-1577.4
0:50:28,55.5,56,88,4.4,18,0.5,-371.0,0.0,-1588.4
0:50:33,54.75,56,88,4.4,18,1.25,-367.75,1.0,-1490.1
0:50:38,55.25,56,88,4.4,18,0.75,-365.0,0.25,-1535.5
0:50:43,55.5,56,88,4.4,18,0.5,-362.0,-0.25,-1553.3
0:50:48,55.75,56,88,4.4,18,0.25,-359.75,0.0,-1560.9
0:50:53,55.0,56,88,4.4,18,1.0,-356.25,0.5,-1470.5
0:50:58,55.0,56,88,4.4,18,1.0,-352.75,0.5,-1455.1
0:51:3,54.75,56,88,4.4,18,1.25,-349.25,0.75,-1413.2
0:51:8,55.5,56,88,4.4,18,0.5,-345.75,-0.25,-1481.8
0:51:13,55.25,56,88,4.4,18,0.75,-340.75,-0.25,-1437.8
0:51:18,55.0,56,88,4.4,18,1.0,-336.0,0.0,-1390.4
0:51:23,55.0,56,88,4.4,18,1.0,-331.5,0.25,-1366.1
0:51:28,54.25,56,88,4.4,18,1.75,-326.0,0.75,-1266.9
0:51:33,54.75,56,88,4.4,18,1.25,-320.5,0.25,-1295.7
0:51:38,55.0,56,88,4.4,18,1.0,-316.25,0.25,-1299.0
0:51:43,54.75,56,88,4.4,18,1.25,-310.75,0.5,-1248.3
0:51:48,54.75,56,88,4.4,18,1.25,-305.75,0.25,-1230.8
0:51:53,55.0,56,88,4.4,18,1.0,-300.25,-0.25,-1237.6
0:51:58,54.5,56,88,4.4,18,1.5,-294.25,0.25,-1158.2
0:52:3,55.0,56,88,4.4,18,1.0,-287.5,0.0,-1177.0
0:52:8,54.75,56,88,4.4,18,1.25,-279.75,-0.25,-1125.4
0:52:13,54.5,56,88,4.4,18,1.5,-273.75,0.5,-1063.5
0:52:18,54.75,56,88,4.4,18,1.25,-267.0,-0.25,-1069.3
0:52:23,54.25,56,88,4.4,18,1.75,-259.75,0.25,-984.4
0:52:28,54.5,56,88,4.4,18,1.5,-251.25,0.0,-973.5
0:52:33,54.75,56,88,4.4,18,1.25,-244.25,0.0,-964.7
0:52:38,54.75,56,88,4.4,18,1.25,-236.75,-0.5,-940.7001
0:52:43,54.5,56,88,4.4,18,1.5,-228.75,0.0,-874.5
0:52:48,54.25,56,88,4.4,18,1.75,-221.25,0.25,-815.0
0:52:53,53.75,56,88,4.4,18,2.25,-212.5,0.75,-723.5
0:52:58,54.0,56,88,4.4,18,2.0,-203.0,0.0,-717.2
0:53:3,54.25,56,88,4.4,18,1.75,-195.25,0.5,-696.1
0:53:8,54.0,56,88,4.4,18,2.0,-186.25,-0.25,-648.0
0:53:13,54.5,56,88,4.4,18,1.5,-177.25,-0.5,-656.9
0:53:18,54.25,56,88,4.4,18,1.75,-168.0,-0.25,-589.7
0:53:23,53.75,56,88,4.4,18,2.25,-157.5,0.0,-495.0
0:53:28,54.0,56,88,4.4,18,2.0,-148.5,0.25,-472.9
0:53:33,54.0,56,88,4.4,18,2.0,-138.75,0.0,-434.5
0:53:38,54.5,56,88,4.4,18,1.5,-129.0,-0.75,-449.1
0:53:43,54.0,56,88,4.4,18,2.0,-119.25,0.25,-344.2
0:53:48,54.0,56,88,4.4,18,2.0,-109.75,0.0,-306.9
0:53:53,54.0,56,88,4.4,18,2.0,-100.25,0.25,-260.6
0:53:58,54.25,56,88,4.4,18,1.75,-90.25001,-0.5,-252.1
0:54:3,54.25,56,88,4.4,18,1.75,-80.0,-0.5,-207.0
0:54:8,53.75,56,88,4.4,18,2.25,-69.0,0.25,-101.1
0:54:13,53.5,56,88,4.4,18,2.5,-58.0,0.25,-30.70001
0:54:18,53.5,56,88,4.4,18,2.5,-45.75,0.25,23.2
0:54:23,53.75,56,88,4.4,18,2.25,-34.75,0.0,45.09999
0:54:28,54.5,56,88,4.4,18,1.5,-24.75,-0.25,18.6
0:54:33,58.0,56,88,4.4,18,-2.0,-27.5,-0.75,-310.5
0:54:38,59.5,56,88,4.4,18,-3.5,-43.25,0.0,-498.3
0:54:43,59.0,56,88,4.4,18,-3.0,-59.75,0.25,-522.4
0:54:48,58.5,56,88,4.4,18,-2.5,-72.5,-0.5,-548.0
0:54:53,58.5,56,88,4.4,18,-2.5,-84.75,0.0,-592.9
0:54:58,58.5,56,88,4.4,18,-2.5,-97.25,-0.25,-652.4
0:55:3,58.75,56,88,4.4,18,-2.75,-109.5,0.0,-723.8
0:55:8,57.75,56,88,4.4,18,-1.75,-121.5,1.0,-670.6
0:55:13,58.0,56,88,4.4,18,-2.0,-132.25,-0.25,-762.4
0:55:18,58.0,56,88,4.4,18,-2.0,-142.5,0.0,-803.0
0:55:23,57.5,56,88,4.4,18,-1.5,-150.75,0.25,-790.8
0:55:28,57.5,56,88,4.4,18,-1.5,-159.0,0.25,-827.1
0:55:33,57.25,56,88,4.4,18,-1.25,-165.5,-0.25,-842.7
0:55:38,57.0,56,88,4.4,18,-1.0,-171.0,0.25,-835.9
0:55:43,57.0,56,88,4.4,18,-1.0,-176.0,0.25,-857.9
0:55:48,56.5,56,88,4.4,18,-0.5,-180.0,0.0,-836.0
0:55:53,57.0,56,88,4.4,18,-1.0,-183.0,-0.25,-897.7
0:55:58,56.5,56,88,4.4,18,-0.5,-186.5,0.25,-860.1
0:56:3,56.75,56,88,4.4,18,-0.75,-189.75,-0.25,-905.4
0:56:8,56.25,56,88,4.4,18,-0.25,-192.75,0.25,-865.6
0:56:13,56.25,56,88,4.4,18,-0.25,-195.75,0.5,-874.3
0:56:18,56.25,56,88,4.4,18,-0.25,-199.0,0.0,-897.6
0:56:23,56.25,56,88,4.4,18,-0.25,-202.0,0.75,-897.3001
0:56:28,56.75,56,88,4.4,18,-0.75,-205.0,0.0,-967.9999
0:56:33,56.25,56,88,4.4,18,-0.25,-206.75,-0.25,-936.2
0:56:38,56.5,56,88,4.4,18,-0.5,-208.25,-0.5,-969.3
0:56:43,55.75,56,88,4.4,18,0.25,-209.5,0.75,-886.3
0:56:48,56.5,56,88,4.4,18,-0.5,-211.5,-0.25,-979.1
0:56:53,56.5,56,88,4.4,18,-0.5,-212.5,-0.25,-983.5
0:56:58,56.25,56,88,4.4,18,-0.25,-214.5,0.25,-961.3
0:57:3,56.25,56,88,4.4,18,-0.25,-216.0,0.25,-967.9
0:57:8,56.5,56,88,4.4,18,-0.5,-218.5,-0.25,-1009.9
0:57:13,56.0,56,88,4.4,18,0.0,-218.5,-0.5,-970.4
0:57:18,56.0,56,88,4.4,18,0.0,-219.0,0.25,-959.1001
0:57:23,56.25,56,88,4.4,18,-0.25,-219.75,0.0,-988.9
0:57:28,56.25,56,88,4.4,18,-0.25,-220.25,-0.5,-1000.1
0:57:33,56.0,56,88,4.4,18,0.0,-219.5,-0.25,-970.3
0:57:38,55.75,56,88,4.4,18,0.25,-219.0,-0.25,-946.1
0:57:43,55.25,56,88,4.4,18,0.75,-218.0,1.0,-875.2
0:57:48,55.5,56,88,4.4,18,0.5,-215.5,0.0,-904.2
0:57:53,56.0,56,88,4.4,18,0.0,-214.75,0.0,-944.9
0:57:58,55.5,56,88,4.4,18,0.5,-213.5,0.5,-886.4
0:58:3,55.75,56,88,4.4,18,0.25,-212.0,-0.25,-915.3
0:58:8,55.75,56,88,4.4,18,0.25,-209.5,-0.5,-908.8
0:58:13,55.75,56,88,4.4,18,0.25,-207.75,0.25,-887.6
0:58:18,56.0,56,88,4.4,18,0.0,-204.75,-0.25,-905.4
0:58:23,55.75,56,88,4.4,18,0.25,-203.25,0.0,-872.3001
0:58:28,55.0,56,88,4.4,18,1.0,-199.5,0.25,-785.3
0:58:33,55.5,56,88,4.4,18,0.5,-196.0,0.0,-818.4
0:58:38,55.5,56,88,4.4,18,0.5,-193.0,-0.75,-818.7
0:58:43,55.0,56,88,4.4,18,1.0,-190.0,0.75,-734.5
0:58:48,55.0,56,88,4.4,18,1.0,-186.5,0.5,-723.6
0:58:53,55.5,56,88,4.4,18,0.5,-183.75,0.0,-764.5
0:58:58,55.5,56,88,4.4,18,0.5,-180.0,-0.5,-757.0
0:59:3,54.75,56,88,4.4,18,1.25,-176.0,0.5,-655.4
0:59:8,55.25,56,88,4.4,18,0.75,-172.25,0.0,-691.9
0:59:13,55.0,56,88,4.4,18,1.0,-167.75,0.25,-645.6
0:59:18,55.25,56,88,4.4,18,0.75,-163.75,-0.5,-663.5
0:59:23,55.0,56,88,4.4,18,1.0,-159.25,0.25,-608.2
0:59:28,55.0,56,88,4.4,18,1.0,-154.5,0.25,-587.3
0:59:33,55.25,56,88,4.4,18,0.75,-150.5,-0.25,-600.7
0:59:38,55.0,56,88,4.4,18,1.0,-144.75,-0.75,-562.4
0:59:43,54.5,56,88,4.4,18,1.5,-138.75,0.75,-465.0
0:59:48,55.0,56,88,4.4,18,1.0,-133.25,0.0,-498.3
0:59:53,55.0,56,88,4.4,18,1.0,-127.5,-0.5,-482.0
0:59:58,54.5,56,88,4.4,18,1.5,-121.25,0.0,-401.5
1:0:3,55.25,56,88,4.4,18,0.75,-115.0,-0.25,-444.5
1:0:8,54.75,56,88,4.4,18,1.25,-107.5,-0.25,-367.5
1:0:13,54.75,56,88,4.4,18,1.25,-100.75,-0.25,-337.8
1:0:18,54.75,56,88,4.4,18,1.25,-94.75,0.0,-306.9
1:0:23,54.75,56,88,4.4,18,1.25,-88.0,0.0,-277.2
1:0:28,54.75,56,88,4.4,18,1.25,-81.25,0.0,-247.5
1:0:33,54.75,56,88,4.4,18,1.25,-74.75,0.0,-218.9
1:0:38,54.5,56,88,4.4,18,1.5,-66.25,-0.5,-168.5
1:0:43,54.75,56,88,4.4,18,1.25,-59.0,0.0,-149.6
1:0:48,54.0,56,88,4.4,18,2.0,-51.0,0.25,-43.90001
1:0:53,54.25,56,88,4.4,18,1.75,-43.25,-0.25,-40.8
1:0:58,54.5,56,88,4.4,18,1.5,-35.25,-0.25,-27.60001
1:1:3,54.0,56,88,4.4,18,2.0,-27.5,0.5,64.0
1:1:8,54.0,56,88,4.4,18,2.0,-18.0,0.0,96.79999
1:1:13,56.25,56,88,4.4,18,-0.25,-13.5,-0.75,-94.90001
1:1:18,59.5,56,88,4.4,18,-3.5,-24.5,-1.5,-442.8
1:1:23,59.5,56,88,4.4,18,-3.5,-43.25,0.5,-489.3
1:1:28,58.75,56,88,4.4,18,-2.75,-59.0,0.25,-497.1
1:1:33,58.75,56,88,4.4,18,-2.75,-73.0,0.0,-563.2
1:1:38,59.0,56,88,4.4,18,-3.0,-88.0,0.0,-651.2
1:1:43,59.25,56,88,4.4,18,-3.25,-103.75,-0.25,-747.0
1:1:48,59.0,56,88,4.4,18,-3.0,-118.75,0.0,-786.5
1:1:53,59.0,56,88,4.4,18,-3.0,-133.5,-0.5,-860.4
1:1:58,58.5,56,88,4.4,18,-2.5,-146.5,0.25,-860.1
1:2:3,58.0,56,88,4.4,18,-2.0,-157.25,0.25,-863.4
1:2:8,58.0,56,88,4.4,18,-2.0,-167.5,0.0,-913.0
1:2:13,58.0,56,88,4.4,18,-2.0,-178.0,0.25,-954.7
1:2:18,57.75,56,88,4.4,18,-1.75,-187.25,0.25,-973.4
1:2:23,57.75,56,88,4.4,18,-1.75,-197.25,0.0,-1021.9
1:2:28,57.75,56,88,4.4,18,-1.75,-205.5,-0.5,-1067.2
1:2:33,57.5,56,88,4.4,18,-1.5,-213.25,0.5,-1061.3
1:2:38,57.5,56,88,4.4,18,-1.5,-221.25,-0.25,-1110.0
1:2:43,57.75,56,88,4.4,18,-1.75,-228.75,-0.25,-1165.0
1:2:48,57.25,56,88,4.4,18,-1.25,-235.25,-0.25,-1149.6
1:2:53,57.25,56,88,4.4,18,-1.25,-242.25,0.0,-1175.9
1:2:58,57.25,56,88,4.4,18,-1.25,-248.5,0.25,-1198.9
1:3:3,57.25,56,88,4.4,18,-1.25,-255.0,0.25,-1227.5
1:3:8,57.25,56,88,4.4,18,-1.25,-260.75,-0.25,-1261.8
1:3:13,57.25,56,88,4.4,18,-1.25,-266.25,-0.25,-1286.0
1:3:18,57.25,56,88,4.4,18,-1.25,-271.75,0.25,-1301.2
1:3:23,57.0,56,88,4.4,18,-1.0,-277.0,0.0,-1306.8
1:3:28,57.25,56,88,4.4,18,-1.25,-282.25,-0.5,-1360.9
1:3:33,57.0,56,88,4.4,18,-1.0,-286.75,-0.25,-1354.2
1:3:38,56.5,56,88,4.4,18,-0.5,-291.0,0.25,-1319.9
1:3:43,57.25,56,88,4.4,18,-1.25,-295.75,-0.5,-1420.3
1:3:48,57.0,56,88,4.4,18,-1.0,-300.25,-0.25,-1413.6
1:3:53,56.75,56,88,4.4,18,-0.75,-304.25,0.0,-1404.7
1:3:58,56.5,56,88,4.4,18,-0.5,-306.75,0.25,-1389.2
1:4:3,56.75,56,88,4.4,18,-0.75,-309.0,-0.25,-1430.1
1:4:8,56.25,56,88,4.4,18,-0.25,-311.5,0.0,-1392.6
1:4:13,56.25,56,88,4.4,18,-0.25,-314.25,0.5,-1395.7
1:4:18,56.5,56,88,4.4,18,-0.5,-317.5,0.0,-1441.0
1:4:23,56.5,56,88,4.4,18,-0.5,-320.75,0.0,-1455.3
1:4:28,56.5,56,88,4.4,18,-0.5,-322.75,0.0,-1464.1
1:4:33,56.0,56,88,4.4,18,0.0,-324.5,0.5,-1418.8
1:4:38,56.0,56,88,4.4,18,0.0,-327.0,0.5,-1429.8
1:4:43,56.0,56,88,4.4,18,0.0,-328.75,0.75,-1433.0
1:4:48,56.0,56,88,4.4,18,0.0,-330.25,0.25,-1448.6
1:4:53,56.0,56,88,4.4,18,0.0,-331.0,0.0,-1456.4
1:4:58,56.25,56,88,4.4,18,-0.25,-331.75,0.0,-1481.7
1:5:3,56.25,56,88,4.4,18,-0.25,-332.75,-0.5,-1495.1
1:5:8,56.25,56,88,4.4,18,-0.25,-334.0,0.25,-1487.1
1:5:13,56.0,56,88,4.4,18,0.0,-334.5,0.25,-1467.3
1:5:18,56.0,56,88,4.4,18,0.0,-335.0,0.0,-1474.0
1:5:23,56.0,56,88,4.4,18,0.0,-334.5,-0.25,-1476.3
1:5:28,56.0,56,88,4.4,18,0.0,-335.0,0.0,-1474.0
1:5:33,55.75,56,88,4.4,18,0.25,-334.25,-0.25,-1453.2
1:5:38,56.0,56,88,4.4,18,0.0,-334.25,0.0,-1470.7
1:5:43,56.0,56,88,4.4,18,0.0,-333.5,0.0,-1467.4
1:5:48,56.0,56,88,4.4,18,0.0,-333.5,0.0,-1467.4
1:5:53,55.5,56,88,4.4,18,0.5,-332.25,0.25,-1413.4
1:5:58,55.5,56,88,4.4,18,0.5,-330.25,0.25,-1404.6
1:6:3,55.25,56,88,4.4,18,0.75,-328.25,0.5,-1369.3
1:6:8,55.5,56,88,4.4,18,0.5,-326.0,0.25,-1385.9
1:6:13,55.5,56,88,4.4,18,0.5,-323.75,0.0,-1380.5
1:6:18,55.5,56,88,4.4,18,0.5,-321.5,0.25,-1366.1
1:6:23,55.25,56,88,4.4,18,0.75,-319.25,0.5,-1329.7
1:6:28,55.5,56,88,4.4,18,0.5,-316.75,0.25,-1345.2
1:6:33,55.0,56,88,4.4,18,1.0,-313.25,0.5,-1281.3
1:6:38,55.5,56,88,4.4,18,0.5,-310.75,0.0,-1323.3
1:6:43,55.25,56,88,4.4,18,0.75,-307.25,0.0,-1285.9
1:6:48,55.5,56,88,4.4,18,0.5,-305.0,0.0,-1298.0
1:6:53,55.25,56,88,4.4,18,0.75,-301.25,-0.25,-1264.0
1:6:58,55.5,56,88,4.4,18,0.5,-297.0,-0.75,-1276.3
1:7:3,55.25,56,88,4.4,18,0.75,-293.5,-0.25,-1229.9
1:7:8,55.0,56,88,4.4,18,1.0,-288.75,0.0,-1182.5
1:7:13,55.0,56,88,4.4,18,1.0,-284.5,0.25,-1159.3
1:7:18,55.0,56,88,4.4,18,1.0,-280.5,0.25,-1141.7
1:7:23,54.75,56,88,4.4,18,1.25,-275.5,0.5,-1093.2
1:7:28,55.25,56,88,4.4,18,0.75,-270.75,0.0,-1125.3
1:7:33,54.75,56,88,4.4,18,1.25,-265.0,0.25,-1051.5
1:7:38,54.75,56,88,4.4,18,1.25,-258.75,-0.25,-1033.0
1:7:43,55.0,56,88,4.4,18,1.0,-253.0,-0.25,-1029.7
1:7:48,54.75,56,88,4.4,18,1.25,-247.25,0.25,-973.4
1:7:53,55.0,56,88,4.4,18,1.0,-241.5,-0.25,-979.0999
1:7:58,55.0,56,88,4.4,18,1.0,-236.5,0.0,-952.5999
1:8:3,54.75,56,88,4.4,18,1.25,-230.75,0.25,-900.8
1:8:8,55.0,56,88,4.4,18,1.0,-224.5,-0.5,-908.8
1:8:13,54.5,56,88,4.4,18,1.5,-218.5,0.5,-820.4
1:8:18,54.0,56,88,4.4,18,2.0,-211.0,0.75,-738.9
1:8:23,54.5,56,88,4.4,18,1.5,-204.0,0.25,-761.1
1:8:28,54.5,56,88,4.4,18,1.5,-196.75,0.0,-733.7
1:8:33,54.5,56,88,4.4,18,1.5,-189.75,0.25,-698.4
1:8:38,54.5,56,88,4.4,18,1.5,-182.0,-0.25,-673.3
1:8:43,54.25,56,88,4.4,18,1.75,-174.0,0.0,-611.6
1:8:48,54.25,56,88,4.4,18,1.75,-166.75,0.5,-570.7
1:8:53,53.75,56,88,4.4,18,2.25,-158.75,0.75,-487.0
1:8:58,54.0,56,88,4.4,18,2.0,-150.5,0.5,-477.2
1:9:3,54.5,56,88,4.4,18,1.5,-142.75,-0.25,-500.6
1:9:8,54.5,56,88,4.4,18,1.5,-134.5,0.0,-459.8
1:9:13,54.5,56,88,4.4,18,1.5,-126.0,-0.75,-435.9
1:9:18,54.5,56,88,4.4,18,1.5,-117.25,-0.25,-388.4
1:9:23,54.5,56,88,4.4,18,1.5,-108.5,-0.5,-354.4
1:9:28,53.75,56,88,4.4,18,2.25,-98.75,0.5,-227.5
1:9:33,53.5,56,88,4.4,18,2.5,-88.75,0.75,-157.0
1:9:38,54.0,56,88,4.4,18,2.0,-78.75,0.25,-166.0
1:9:43,54.25,56,88,4.4,18,1.75,-69.0,-0.25,-154.1
1:9:48,53.5,56,88,4.4,18,2.5,-58.75,0.5,-29.5
1:9:53,54.0,56,88,4.4,18,2.0,-48.25,0.25,-31.8
1:9:58,54.0,56,88,4.4,18,2.0,-37.25,0.0,12.09999
1:10:3,55.0,56,88,4.4,18,1.0,-29.75,-0.25,-47.40001
1:10:8,57.0,56,88,4.4,18,-1.0,-30.75,-0.5,-232.3
1:10:13,57.5,56,88,4.4,18,-1.5,-37.75,0.25,-293.6
1:10:18,57.5,56,88,4.4,18,-1.5,-45.75,0.25,-328.8
1:10:23,57.0,56,88,4.4,18,-1.0,-52.5,0.0,-319.0
1:10:28,56.5,56,88,4.4,18,-0.5,-56.75,0.5,-284.7
1:10:33,57.25,56,88,4.4,18,-1.25,-61.0,-0.25,-382.9
1:10:38,57.25,56,88,4.4,18,-1.25,-66.75,-0.5,-412.7
1:10:43,56.75,56,88,4.4,18,-0.75,-71.25,0.5,-370.5
1:10:48,57.0,56,88,4.4,18,-1.0,-76.25,0.0,-423.5
1:10:53,56.75,56,88,4.4,18,-0.75,-79.75,-0.25,-421.4
1:10:59,56.5,56,88,4.4,18,-0.5,-82.5,-0.25,-411.5
1:11:4,56.5,56,88,4.4,18,-0.5,-84.5,-0.25,-420.3
1:11:9,55.75,56,88,4.4,18,0.25,-84.75,0.5,-341.9
1:11:14,56.0,56,88,4.4,18,0.0,-83.75,-0.25,-373.0
1:11:19,55.75,56,88,4.4,18,0.25,-83.0,0.0,-343.2
1:11:24,55.5,56,88,4.4,18,0.5,-82.25,0.5,-308.9
1:11:29,56.0,56,88,4.4,18,0.0,-82.0,-0.25,-365.3
1:11:34,55.5,56,88,4.4,18,0.5,-81.0,0.5,-303.4
1:11:39,55.75,56,88,4.4,18,0.25,-79.0,-0.25,-330.1
1:11:44,55.75,56,88,4.4,18,0.25,-77.0,-0.25,-321.3
1:11:49,55.75,56,88,4.4,18,0.25,-75.0,0.0,-308.0
1:11:54,55.5,56,88,4.4,18,0.5,-72.0,0.25,-268.3
1:11:59,55.5,56,88,4.4,18,0.5,-68.5,-0.25,-261.9
1:12:4,55.0,56,88,4.4,18,1.0,-64.5,0.5,-186.8
1:12:9,55.25,56,88,4.4,18,0.75,-60.75,-0.5,-210.3
1:12:14,55.0,56,88,4.4,18,1.0,-57.0,0.25,-158.3
1:12:19,55.25,56,88,4.4,18,0.75,-52.75,-0.25,-170.6
1:12:24,55.5,56,88,4.4,18,0.5,-48.5,-0.25,-173.9
1:12:29,54.75,56,88,4.4,18,1.25,-43.75,0.25,-78.0
1:12:34,54.75,56,88,4.4,18,1.25,-38.75,0.5,-51.5
1:12:39,55.25,56,88,4.4,18,0.75,-34.75,-0.25,-91.40001
1:12:44,54.5,56,88,4.4,18,1.5,-30.0,0.75,13.5
1:12:49,55.0,56,88,4.4,18,1.0,-24.75,-0.25,-25.4
1:12:54,56.0,56,88,4.4,18,0.0,-20.25,-1.0,-107.1
1:12:59,57.25,56,88,4.4,18,-1.25,-23.0,-0.25,-215.7
1:13:4,58.25,56,88,4.4,18,-2.25,-32.25,0.0,-339.9
1:13:9,58.0,56,88,4.4,18,-2.0,-44.25,0.5,-361.7
1:13:14,57.75,56,88,4.4,18,-1.75,-55.5,0.75,-384.7
1:13:19,57.5,56,88,4.4,18,-1.5,-63.5,0.25,-406.9
1:13:24,57.75,56,88,4.4,18,-1.75,-72.5,0.0,-473.0
1:13:29,57.5,56,88,4.4,18,-1.5,-80.0,0.0,-484.0
1:13:34,57.25,56,88,4.4,18,-1.25,-87.0,0.25,-488.3
1:13:39,57.5,56,88,4.4,18,-1.5,-92.5,-0.5,-548.0
1:13:44,57.0,56,88,4.4,18,-1.0,-98.0,0.25,-514.7
1:13:49,56.75,56,88,4.4,18,-0.75,-103.0,0.25,-514.7
1:13:54,57.0,56,88,4.4,18,-1.0,-106.5,0.0,-556.6
1:13:59,56.0,56,88,4.4,18,0.0,-109.25,0.75,-467.2
1:14:4,56.5,56,88,4.4,18,-0.5,-111.5,0.0,-534.6
1:14:9,56.0,56,88,4.4,18,0.0,-113.0,0.5,-488.2
1:14:14,56.25,56,88,4.4,18,-0.25,-114.25,0.25,-520.2
1:14:19,55.75,56,88,4.4,18,0.25,-115.5,1.0,-468.2
1:14:24,56.25,56,88,4.4,18,-0.25,-116.0,-0.25,-536.9
1:14:29,56.25,56,88,4.4,18,-0.25,-116.5,0.0,-534.6
1:14:34,55.5,56,88,4.4,18,0.5,-116.25,0.75,-454.0
1:14:39,56.0,56,88,4.4,18,0.0,-116.75,0.25,-509.2
1:14:44,55.75,56,88,4.4,18,0.25,-116.5,0.5,-481.6
1:14:49,56.0,56,88,4.4,18,0.0,-115.75,0.0,-509.3
1:14:54,56.0,56,88,4.4,18,0.0,-116.5,0.25,-508.1
1:14:59,55.5,56,88,4.4,18,0.5,-115.75,0.25,-460.8
1:15:4,55.75,56,88,4.4,18,0.25,-114.5,0.0,-481.8
1:15:9,56.0,56,88,4.4,18,0.0,-113.25,-0.5,-507.3
1:15:14,55.75,56,88,4.4,18,0.25,-112.25,0.25,-467.4
1:15:19,55.75,56,88,4.4,18,0.25,-110.5,-0.5,-473.2
1:15:24,55.5,56,88,4.4,18,0.5,-108.25,0.0,-432.3
1:15:29,55.5,56,88,4.4,18,0.5,-105.75,-0.5,-430.3
1:15:34,55.5,56,88,4.4,18,0.5,-103.5,0.5,-402.4
1:15:39,55.75,56,88,4.4,18,0.25,-101.5,-0.5,-433.6
1:15:44,55.5,56,88,4.4,18,0.5,-98.75,-0.25,-395.0
1:15:49,55.25,56,88,4.4,18,0.75,-95.5,-0.25,-358.7
1:15:54,55.75,56,88,4.4,18,0.25,-92.5,-0.25,-389.5
1:15:59,55.25,56,88,4.4,18,0.75,-89.5,0.0,-327.8
1:16:4,55.25,56,88,4.4,18,0.75,-86.0,0.0,-312.4
1:16:9,55.25,56,88,4.4,18,0.75,-82.5,0.0,-297.0
1:16:14,55.25,56,88,4.4,18,0.75,-78.5,-0.25,-283.9
1:16:19,54.75,56,88,4.4,18,1.25,-73.75,0.5,-205.5
1:16:24,55.0,56,88,4.4,18,1.0,-69.75,0.5,-209.9
1:16:29,55.0,56,88,4.4,18,1.0,-64.0,-0.25,-198.1
1:16:34,55.0,56,88,4.4,18,1.0,-58.25,-0.25,-172.8
1:16:39,54.75,56,88,4.4,18,1.25,-53.0,0.25,-118.7
1:16:44,55.0,56,88,4.4,18,1.0,-47.25,0.0,-119.9
1:16:49,55.0,56,88,4.4,18,1.0,-42.0,0.0,-96.8
1:16:54,54.5,56,88,4.4,18,1.5,-36.0,0.25,-21.90001
1:16:59,55.25,56,88,4.4,18,0.75,-31.0,-0.5,-79.40001
1:17:4,54.75,56,88,4.4,18,1.25,-25.25,0.0,-1.100006
1:17:9,54.25,56,88,4.4,18,1.75,-18.75,0.5,80.5
1:17:14,55.25,56,88,4.4,18,0.75,-12.75,-0.5,0.8999977
1:17:19,57.5,56,88,4.4,18,-1.5,-14.75,-0.5,-205.9
1:17:24,59.25,56,88,4.4,18,-3.25,-29.25,0.25,-410.2
1:17:29,59.75,56,88,4.4,18,-3.75,-47.5,0.0,-539.0
1:17:34,59.25,56,88,4.4,18,-3.25,-65.0,0.25,-567.5
1:17:39,59.0,56,88,4.4,18,-3.0,-80.25001,0.0,-617.1
1:17:44,58.75,56,88,4.4,18,-2.75,-94.25,0.0,-656.7
1:17:49,58.75,56,88,4.4,18,-2.75,-108.75,0.0,-720.5
1:17:54,58.75,56,88,4.4,18,-2.75,-122.0,-0.5,-787.8
1:17:59,58.0,56,88,4.4,18,-2.0,-135.0,0.5,-761.0
1:18:4,58.25,56,88,4.4,18,-2.25,-146.25,-0.25,-846.0
1:18:9,57.5,56,88,4.4,18,-1.5,-155.75,0.5,-808.2999
1:18:14,58.0,56,88,4.4,18,-2.0,-164.5,-0.75,-913.2999
1:18:19,57.5,56,88,4.4,18,-1.5,-170.75,-0.25,-887.7999
1:18:24,57.25,56,88,4.4,18,-1.25,-177.25,0.25,-885.4
1:18:29,57.25,56,88,4.4,18,-1.25,-184.5,0.0,-921.7999
1:18:34,57.25,56,88,4.4,18,-1.25,-190.75,0.0,-949.3
1:18:39,57.0,56,88,4.4,18,-1.0,-196.0,0.0,-950.4
1:18:44,57.25,56,88,4.4,18,-1.25,-201.0,-0.5,-1003.4
1:18:49,57.25,56,88,4.4,18,-1.25,-206.0,-0.25,-1020.9
1:18:54,57.25,56,88,4.4,18,-1.25,-211.5,-0.25,-1045.1
1:18:59,56.5,56,88,4.4,18,-0.5,-216.25,0.25,-991.0
1:19:4,57.25,56,88,4.4,18,-1.25,-222.5,0.0,-1089.0
1:19:9,57.0,56,88,4.4,18,-1.0,-228.0,0.0,-1091.2
1:19:14,57.0,56,88,4.4,18,-1.0,-232.5,0.0,-1111.0
1:19:19,56.75,56,88,4.4,18,-0.75,-236.75,0.0,-1107.7
1:19:24,56.75,56,88,4.4,18,-0.75,-240.25,-0.25,-1127.6
1:19:29,56.75,56,88,4.4,18,-0.75,-244.0,0.0,-1139.6
1:19:34,56.75,56,88,4.4,18,-0.75,-246.25,-0.5,-1158.5
1:19:39,56.5,56,88,4.4,18,-0.5,-249.5,0.0,-1141.8
1:19:44,56.5,56,88,4.4,18,-0.5,-251.75,0.25,-1147.2
1:19:49,56.75,56,88,4.4,18,-0.75,-254.5,-0.25,-1190.3
1:19:54,56.75,56,88,4.4,18,-0.75,-257.25,-0.25,-1202.4
1:19:59,56.5,56,88,4.4,18,-0.5,-260.0,0.25,-1183.5
1:20:4,56.0,56,88,4.4,18,0.0,-260.75,0.25,-1142.8
1:20:9,56.5,56,88,4.4,18,-0.5,-262.5,0.0,-1199.0
1:20:14,56.0,56,88,4.4,18,0.0,-263.75,0.5,-1151.5
1:20:19,56.0,56,88,4.4,18,0.0,-264.75,-0.25,-1169.4
1:20:24,56.0,56,88,4.4,18,0.0,-265.25,0.0,-1167.1
1:20:29,55.75,56,88,4.4,18,0.25,-266.0,0.5,-1139.4
1:20:34,56.25,56,88,4.4,18,-0.25,-266.75,0.25,-1191.2
1:20:39,56.0,56,88,4.4,18,0.0,-267.0,0.25,-1170.3
1:20:44,56.25,56,88,4.4,18,-0.25,-267.0,-0.5,-1205.8
1:20:49,55.75,56,88,4.4,18,0.25,-266.75,0.0,-1151.7
1:20:54,56.25,56,88,4.4,18,-0.25,-267.0,-0.25,-1201.3
1:20:59,56.0,56,88,4.4,18,0.0,-266.75,0.0,-1173.7
1:21:4,56.0,56,88,4.4,18,0.0,-266.75,0.0,-1173.7
1:21:9,56.0,56,88,4.4,18,0.0,-266.5,0.0,-1172.6
1:21:14,55.5,56,88,4.4,18,0.5,-264.5,-0.25,-1124.3
1:21:19,56.0,56,88,4.4,18,0.0,-264.0,-0.25,-1166.1
1:21:24,55.5,56,88,4.4,18,0.5,-262.25,-0.25,-1114.4
1:21:29,55.5,56,88,4.4,18,0.5,-261.0,0.25,-1099.9
1:21:34,55.5,56,88,4.4,18,0.5,-258.75,-0.5,-1103.5
1:21:39,55.75,56,88,4.4,18,0.25,-257.0,-0.25,-1113.3
1:21:44,55.25,56,88,4.4,18,0.75,-254.0,0.25,-1047.1
1:21:49,55.5,56,88,4.4,18,0.5,-251.75,0.0,-1063.7
1:21:54,55.25,56,88,4.4,18,0.75,-249.0,0.5,-1020.6
1:21:59,55.25,56,88,4.4,18,0.75,-245.75,-0.25,-1019.8
1:22:4,55.5,56,88,4.4,18,0.5,-241.75,-0.25,-1024.2
1:22:9,54.75,56,88,4.4,18,1.25,-237.75,0.5,-927.1
1:22:14,55.0,56,88,4.4,18,1.0,-234.25,0.5,-933.7001
1:22:19,55.25,56,88,4.4,18,0.75,-230.75,0.0,-949.3
1:22:24,54.75,56,88,4.4,18,1.25,-226.25,0.5,-876.4999
1:22:29,55.0,56,88,4.4,18,1.0,-222.5,0.25,-886.5
1:22:34,55.0,56,88,4.4,18,1.0,-217.25,0.0,-867.9
1:22:39,54.5,56,88,4.4,18,1.5,-212.5,0.25,-798.5
1:22:44,55.25,56,88,4.4,18,0.75,-207.25,0.0,-845.9
1:22:49,55.0,56,88,4.4,18,1.0,-202.75,0.0,-804.1
1:22:54,54.75,56,88,4.4,18,1.25,-197.25,0.25,-753.4
1:22:59,54.5,56,88,4.4,18,1.5,-192.0,0.75,-699.3001
1:23:4,54.5,56,88,4.4,18,1.5,-186.25,0.5,-678.5
1:23:9,55.0,56,88,4.4,18,1.0,-180.75,-0.5,-716.3
1:23:14,55.0,56,88,4.4,18,1.0,-175.5,0.0,-684.2
1:23:19,54.5,56,88,4.4,18,1.5,-169.5,0.25,-609.3
1:23:24,55.25,56,88,4.4,18,0.75,-163.5,-0.75,-666.9
1:23:29,54.5,56,88,4.4,18,1.5,-156.25,-0.25,-560.0
1:23:34,54.5,56,88,4.4,18,1.5,-150.25,0.5,-520.1
1:23:39,54.75,56,88,4.4,18,1.25,-142.25,-0.5,-524.9
1:23:44,54.5,56,88,4.4,18,1.5,-135.0,0.25,-457.5
1:23:49,54.75,56,88,4.4,18,1.25,-128.5,0.0,-455.4
1:23:54,54.5,56,88,4.4,18,1.5,-121.0,-0.25,-404.9
1:23:59,54.5,56,88,4.4,18,1.5,-114.0,0.25,-365.1
1:24:4,54.75,56,88,4.4,18,1.25,-106.75,0.0,-359.7
1:24:9,54.0,56,88,4.4,18,2.0,-98.0,0.25,-250.7
1:24:14,54.5,56,88,4.4,18,1.5,-90.0,-0.25,-268.5
1:24:19,54.5,56,88,4.4,18,1.5,-81.0,-0.5,-233.4
1:24:24,53.75,56,88,4.4,18,2.25,-71.75,0.5,-108.7
1:24:29,54.5,56,88,4.4,18,1.5,-63.0,-0.25,-149.7
1:24:34,54.25,56,88,4.4,18,1.75,-53.75,0.0,-82.5
1:24:39,53.75,56,88,4.4,18,2.25,-44.0,0.25,8.899994
1:24:44,54.25,56,88,4.4,18,1.75,-33.25,-0.75,-5.800003
1:24:49,54.75,56,88,4.4,18,1.25,-26.25,0.0,-5.5
1:24:54,57.0,56,88,4.4,18,-1.0,-27.0,-0.5,-215.8
1:24:59,57.75,56,88,4.4,18,-1.75,-34.0,0.0,-303.6
1:25:4,57.5,56,88,4.4,18,-1.5,-40.75,-0.25,-315.8
1:25:9,56.75,56,88,4.4,18,-0.75,-46.0,0.0,-268.4
1:25:14,56.75,56,88,4.4,18,-0.75,-49.5,-0.25,-288.3
1:25:19,56.0,56,88,4.4,18,0.0,-52.0,0.5,-219.8
1:25:24,56.75,56,88,4.4,18,-0.75,-55.25,0.0,-309.1
1:25:29,56.75,56,88,4.4,18,-0.75,-58.0,0.0,-321.2
1:25:34,56.5,56,88,4.4,18,-0.5,-60.5,-0.25,-314.7
1:25:39,56.25,56,88,4.4,18,-0.25,-61.75,0.25,-289.2
1:25:44,55.75,56,88,4.4,18,0.25,-62.25,0.5,-242.9
1:25:49,55.75,56,88,4.4,18,0.25,-62.0,0.25,-246.3
1:25:54,55.75,56,88,4.4,18,0.25,-60.5,-0.5,-253.2
1:25:59,55.75,56,88,4.4,18,0.25,-59.0,0.0,-237.6
1:26:4,55.75,56,88,4.4,18,0.25,-57.0,0.0,-228.8
1:26:9,55.75,56,88,4.4,18,0.25,-54.75,-0.25,-223.4
1:26:14,55.5,56,88,4.4,18,0.5,-51.25,-0.5,-190.5
1:26:19,55.5,56,88,4.4,18,0.5,-47.75,-0.25,-170.6
1:26:24,55.25,56,88,4.4,18,0.75,-44.25,0.25,-124.2
1:26:29,55.5,56,88,4.4,18,0.5,-41.25,0.0,-137.5
1:26:34,55.5,56,88,4.4,18,0.5,-38.75,0.0,-126.5
1:26:39,55.5,56,88,4.4,18,0.5,-35.5,0.0,-112.2
1:26:44,55.25,56,88,4.4,18,0.75,-32.5,0.0,-77.0
1:26:49,55.5,56,88,4.4,18,0.5,-29.0,-0.25,-88.1
1:26:54,55.0,56,88,4.4,18,1.0,-25.5,0.25,-19.7
1:26:59,55.0,56,88,4.4,18,1.0,-20.0,-0.25,-4.5
1:27:4,55.25,56,88,4.4,18,0.75,-15.5,-0.25,-6.700005
1:27:9,56.75,56,88,4.4,18,-0.75,-16.0,-0.5,-145.4
1:27:14,58.0,56,88,4.4,18,-2.0,-24.0,0.0,-281.6
1:27:19,58.25,56,88,4.4,18,-2.25,-34.5,0.0,-349.8
1:27:24,58.0,56,88,4.4,18,-2.0,-45.0,0.0,-374.0
1:27:29,57.75,56,88,4.4,18,-1.75,-54.0,-0.25,-396.1
1:27:34,57.25,56,88,4.4,18,-1.25,-61.5,0.25,-376.1
1:27:39,57.25,56,88,4.4,18,-1.25,-68.0,0.0,-409.2
1:27:44,56.75,56,88,4.4,18,-0.75,-73.5,0.25,-384.9
1:27:49,57.25,56,88,4.4,18,-1.25,-78.75,0.0,-456.5
1:27:54,57.0,56,88,4.4,18,-1.0,-83.25,0.0,-454.3
1:27:59,56.5,56,88,4.4,18,-0.5,-87.5,0.25,-424.5
1:28:4,56.25,56,88,4.4,18,-0.25,-91.0,0.0,-422.4
1:28:9,56.5,56,88,4.4,18,-0.5,-93.75,0.0,-456.5
1:28:14,56.5,56,88,4.4,18,-0.5,-95.25001,-0.25,-467.6
1:28:19,56.25,56,88,4.4,18,-0.25,-97.0,0.0,-448.8
1:28:24,56.0,56,88,4.4,18,0.0,-97.5,0.25,-424.5
1:28:29,56.25,56,88,4.4,18,-0.25,-98.5,0.0,-455.4
1:28:34,55.75,56,88,4.4,18,0.25,-97.75001,0.0,-408.1
1:28:39,56.0,56,88,4.4,18,0.0,-98.25,0.0,-432.3
1:28:44,56.25,56,88,4.4,18,-0.25,-97.5,-0.5,-460.0
1:28:49,55.5,56,88,4.4,18,0.5,-96.75,0.5,-372.7
1:28:54,55.25,56,88,4.4,18,0.75,-95.25001,0.5,-344.1
1:28:59,56.0,56,88,4.4,18,0.0,-94.00001,-0.25,-418.1
1:29:4,55.75,56,88,4.4,18,0.25,-93.0,0.0,-387.2
1:29:9,55.75,56,88,4.4,18,0.25,-91.25,0.0,-379.5
1:29:14,55.75,56,88,4.4,18,0.25,-89.00001,-0.25,-374.1
1:29:19,55.5,56,88,4.4,18,0.5,-87.0,0.25,-334.3
1:29:24,55.75,56,88,4.4,18,0.25,-85.75,0.0,-355.3
1:29:29,55.5,56,88,4.4,18,0.5,-83.25,0.25,-317.8
1:29:34,55.5,56,88,4.4,18,0.5,-80.0,0.0,-308.0
1:29:39,55.75,56,88,4.4,18,0.25,-78.0,-0.25,-325.7
1:29:44,55.75,56,88,4.4,18,0.25,-75.0,-0.5,-317.0
1:29:49,55.5,56,88,4.4,18,0.5,-71.5,0.0,-270.6
1:29:54,55.25,56,88,4.4,18,0.75,-68.75,0.25,-232.0
1:29:59,55.5,56,88,4.4,18,0.5,-65.0,-0.5,-251.0
1:30:4,55.25,56,88,4.4,18,0.75,-61.0,-0.25,-206.9
1:30:9,55.25,56,88,4.4,18,0.75,-56.25,-0.25,-186.0
1:30:14,55.5,56,88,4.4,18,0.5,-52.25,-0.25,-190.4
1:30:19,55.5,56,88,4.4,18,0.5,-48.25,-0.5,-177.3
1:30:24,55.25,56,88,4.4,18,0.75,-44.0,0.0,-127.6
1:30:29,54.75,56,88,4.4,18,1.25,-38.5,0.5,-50.40001
1:30:34,54.5,56,88,4.4,18,1.5,-32.5,0.5,-2.0
1:30:39,54.75,56,88,4.4,18,1.25,-26.5,0.25,-2.100006
1:30:44,55.0,56,88,4.4,18,1.0,-20.5,-0.25,-6.700005
1:30:49,55.0,56,88,4.4,18,1.0,-15.75,0.25,23.2
1:30:54,57.25,56,88,4.4,18,-1.25,-17.25,-0.25,-190.4
1:30:59,59.0,56,88,4.4,18,-3.0,-29.75,-0.25,-399.4
1:31:4,59.25,56,88,4.4,18,-3.25,-46.75,0.0,-491.7
1:31:9,58.75,56,88,4.4,18,-2.75,-61.0,0.0,-510.4
1:31:14,58.75,56,88,4.4,18,-2.75,-73.25,-0.25,-568.8
1:31:19,58.75,56,88,4.4,18,-2.75,-86.0,-0.5,-629.4
1:31:24,58.75,56,88,4.4,18,-2.75,-99.00001,0.0,-677.6
1:31:29,58.5,56,88,4.4,18,-2.5,-111.25,0.0,-709.5
1:31:34,58.0,56,88,4.4,18,-2.0,-121.5,-0.25,-715.1
1:31:39,57.75,56,88,4.4,18,-1.75,-130.75,0.0,-729.3
1:31:44,57.5,56,88,4.4,18,-1.5,-139.0,-0.25,-748.1
1:31:49,57.75,56,88,4.4,18,-1.75,-145.75,-0.75,-808.7999
1:31:54,57.5,56,88,4.4,18,-1.5,-152.75,0.0,-804.1
1:31:59,57.25,56,88,4.4,18,-1.25,-159.0,0.0,-809.6
1:32:4,57.25,56,88,4.4,18,-1.25,-164.5,-0.25,-838.2999
1:32:9,57.0,56,88,4.4,18,-1.0,-170.0,-0.25,-840.5
1:32:14,56.5,56,88,4.4,18,-0.5,-174.75,0.5,-803.9001
1:32:19,57.0,56,88,4.4,18,-1.0,-179.25,-0.25,-881.2
1:32:24,56.5,56,88,4.4,18,-0.5,-183.5,0.5,-842.4
1:32:29,56.75,56,88,4.4,18,-0.75,-186.75,0.0,-887.7
1:32:34,57.0,56,88,4.4,18,-1.0,-192.0,-0.25,-937.3
1:32:39,56.5,56,88,4.4,18,-0.5,-196.0,0.25,-901.9
1:32:44,56.75,56,88,4.4,18,-0.75,-199.5,-0.25,-948.3
1:32:49,56.25,56,88,4.4,18,-0.25,-202.75,0.5,-905.1001
1:32:54,56.5,56,88,4.4,18,-0.5,-205.25,0.25,-942.6001
1:32:59,56.25,56,88,4.4,18,-0.25,-207.75,0.25,-931.6
1:33:4,56.5,56,88,4.4,18,-0.5,-210.0,0.0,-967.9999
1:33:9,56.5,56,88,4.4,18,-0.5,-212.75,0.0,-980.1001
1:33:14,56.25,56,88,4.4,18,-0.25,-215.25,0.5,-960.1
1:33:19,56.5,56,88,4.4,18,-0.5,-216.5,0.0,-996.6001
1:33:24,56.0,56,88,4.4,18,0.0,-217.5,0.0,-957.0
1:33:29,56.0,56,88,4.4,18,0.0,-218.75,0.25,-958.0
1:33:34,56.5,56,88,4.4,18,-0.5,-220.5,-0.25,-1018.7
1:33:39,55.75,56,88,4.4,18,0.25,-221.5,0.5,-943.6
1:33:44,56.5,56,88,4.4,18,-0.5,-221.5,-0.5,-1027.6
1:33:49,55.75,56,88,4.4,18,0.25,-221.5,0.5,-943.6
1:33:54,56.25,56,88,4.4,18,-0.25,-222.0,-0.25,-1003.3
1:33:59,56.25,56,88,4.4,18,-0.25,-221.75,-0.5,-1006.7
1:34:4,55.75,56,88,4.4,18,0.25,-221.5,0.5,-943.6
1:34:9,56.0,56,88,4.4,18,0.0,-219.75,-0.75,-980.4
1:34:14,55.75,56,88,4.4,18,0.25,-218.0,-0.5,-946.2
1:34:19,55.75,56,88,4.4,18,0.25,-217.0,0.0,-932.8
1:34:24,55.25,56,88,4.4,18,0.75,-215.75,0.5,-874.3
1:34:29,55.75,56,88,4.4,18,0.25,-214.5,0.0,-921.8
1:34:34,55.5,56,88,4.4,18,0.5,-212.75,0.25,-887.6
1:34:39,55.75,56,88,4.4,18,0.25,-210.75,-0.25,-909.8001
1:34:44,55.25,56,88,4.4,18,0.75,-207.5,0.0,-847.0
1:34:49,55.75,56,88,4.4,18,0.25,-206.25,0.0,-885.5
1:34:54,55.25,56,88,4.4,18,0.75,-203.5,0.25,-824.9
1:34:59,55.5,56,88,4.4,18,0.5,-200.75,0.0,-839.3001
1:35:4,54.75,56,88,4.4,18,1.25,-197.75,0.75,-746.6
1:35:9,55.5,56,88,4.4,18,0.5,-194.5,0.0,-811.8
1:35:14,55.25,56,88,4.4,18,0.75,-191.75,0.25,-773.2
1:35:19,55.25,56,88,4.4,18,0.75,-188.25,0.25,-757.8
1:35:24,55.25,56,88,4.4,18,0.75,-184.0,0.0,-743.6
1:35:29,55.0,56,88,4.4,18,1.0,-180.5,0.25,-701.7
1:35:34,55.25,56,88,4.4,18,0.75,-176.75,0.0,-711.7
1:35:39,55.0,56,88,4.4,18,1.0,-173.0,0.5,-664.2
1:35:44,55.0,56,88,4.4,18,1.0,-169.75,0.25,-654.4
1:35:49,55.25,56,88,4.4,18,0.75,-164.25,-0.25,-661.2
1:35:54,55.25,56,88,4.4,18,0.75,-159.5,-0.25,-640.3
1:35:59,55.5,56,88,4.4,18,0.5,-155.0,-0.75,-651.5
1:36:4,55.25,56,88,4.4,18,0.75,-150.0,-0.5,-603.0
1:36:9,55.0,56,88,4.4,18,1.0,-145.25,0.0,-551.1
1:36:14,55.25,56,88,4.4,18,0.75,-140.75,-0.25,-557.8
1:36:19,55.0,56,88,4.4,18,1.0,-135.75,0.0,-509.3
1:36:24,54.5,56,88,4.4,18,1.5,-130.5,0.5,-433.2
1:36:29,54.75,56,88,4.4,18,1.25,-124.25,0.25,-432.2
1:36:34,54.75,56,88,4.4,18,1.25,-118.25,0.25,-405.8
1:36:39,54.5,56,88,4.4,18,1.5,-112.0,0.25,-356.3
1:36:44,55.0,56,88,4.4,18,1.0,-105.25,-0.5,-384.1
1:36:49,54.75,56,88,4.4,18,1.25,-98.5,0.25,-318.9
1:36:54,54.75,56,88,4.4,18,1.25,-92.25,0.0,-295.9
1:36:59,54.75,56,88,4.4,18,1.25,-86.25,0.5,-260.5
1:37:4,54.75,56,88,4.4,18,1.25,-79.25,-0.25,-243.2
1:37:9,54.25,56,88,4.4,18,1.75,-72.0,0.5,-153.8
1:37:14,54.0,56,88,4.4,18,2.0,-64.0,0.5,-96.60001
1:37:19,54.5,56,88,4.4,18,1.5,-55.75,0.0,-113.3
1:37:24,54.0,56,88,4.4,18,2.0,-47.25,0.25,-27.40001
1:37:29,54.25,56,88,4.4,18,1.75,-38.25,0.25,-9.800003
1:37:34,54.5,56,88,4.4,18,1.5,-28.5,-0.5,-2.400002
1:37:39,55.25,56,88,4.4,18,0.75,-21.0,-1.0,-44.4
1:37:44,57.25,56,88,4.4,18,-1.25,-23.25,-0.5,-221.3
1:37:49,59.0,56,88,4.4,18,-3.0,-35.75,0.0,-421.3
1:37:54,59.0,56,88,4.4,18,-3.0,-52.0,0.5,-483.8
1:37:59,58.75,56,88,4.4,18,-2.75,-65.75,0.0,-531.3
1:38:4,58.75,56,88,4.4,18,-2.75,-79.0,0.0,-589.5999
1:38:9,58.5,56,88,4.4,18,-2.5,-92.75001,0.25,-623.6
1:38:14,58.5,56,88,4.4,18,-2.5,-106.0,0.0,-686.4
1:38:19,58.25,56,88,4.4,18,-2.25,-118.0,0.5,-708.2
1:38:24,57.75,56,88,4.4,18,-1.75,-127.5,-0.5,-724.0
1:38:29,58.0,56,88,4.4,18,-2.0,-137.5,-0.25,-785.5
1:38:34,57.25,56,88,4.4,18,-1.25,-145.5,0.5,-741.2
1:38:39,57.5,56,88,4.4,18,-1.5,-152.75,0.0,-804.1
1:38:44,56.75,56,88,4.4,18,-0.75,-160.0,0.75,-756.5
1:38:49,57.0,56,88,4.4,18,-1.0,-166.0,0.25,-813.9
1:38:54,57.0,56,88,4.4,18,-1.0,-170.75,0.0,-839.3
1:38:59,56.25,56,88,4.4,18,-0.25,-175.0,0.75,-778.5
1:39:4,56.75,56,88,4.4,18,-0.75,-179.0,0.0,-853.6
1:39:9,56.75,56,88,4.4,18,-0.75,-182.0,0.0,-866.7999
1:39:14,56.75,56,88,4.4,18,-0.75,-185.5,0.0,-882.2
1:39:19,56.25,56,88,4.4,18,-0.25,-188.25,0.5,-841.3
1:39:24,56.5,56,88,4.4,18,-0.5,-191.25,0.0,-885.5
1:39:29,56.0,56,88,4.4,18,0.0,-193.75,0.5,-843.4999
1:39:34,56.75,56,88,4.4,18,-0.75,-196.0,-0.5,-937.4
1:39:39,56.5,56,88,4.4,18,-0.5,-198.0,-0.5,-924.2
1:39:44,56.5,56,88,4.4,18,-0.5,-199.75,-0.25,-927.4
1:39:49,56.5,56,88,4.4,18,-0.5,-202.0,-0.25,-937.3
1:39:54,56.5,56,88,4.4,18,-0.5,-204.25,0.0,-942.7
1:39:59,56.5,56,88,4.4,18,-0.5,-206.75,0.25,-949.2
1:40:4,56.75,56,88,4.4,18,-0.75,-209.0,-0.75,-999.1
1:40:9,56.25,56,88,4.4,18,-0.25,-210.25,0.0,-947.1
1:40:14,56.25,56,88,4.4,18,-0.25,-211.25,0.25,-946.9999
1:40:19,56.0,56,88,4.4,18,0.0,-211.0,0.0,-928.4
1:40:24,56.0,56,88,4.4,18,0.0,-211.5,0.0,-930.6
1:40:29,56.0,56,88,4.4,18,0.0,-211.75,0.0,-931.7
1:40:34,56.0,56,88,4.4,18,0.0,-211.75,0.0,-931.7
1:40:39,55.5,56,88,4.4,18,0.5,-211.0,0.5,-875.4
1:40:44,55.75,56,88,4.4,18,0.25,-210.0,0.0,-902.0
1:40:49,55.5,56,88,4.4,18,0.5,-209.75,0.5,-869.9
1:40:54,56.0,56,88,4.4,18,0.0,-208.25,-0.5,-925.3
1:40:59,56.0,56,88,4.4,18,0.0,-207.75,0.25,-909.6
1:41:4,56.0,56,88,4.4,18,0.0,-206.25,-0.5,-916.5
1:41:9,55.75,56,88,4.4,18,0.25,-205.25,0.25,-876.6
1:41:14,56.0,56,88,4.4,18,0.0,-204.25,-0.25,-903.2
1:41:19,55.75,56,88,4.4,18,0.25,-201.75,-0.25,-870.2
1:41:24,55.75,56,88,4.4,18,0.25,-199.5,-0.5,-864.8001
1:41:29,55.5,56,88,4.4,18,0.5,-197.25,-0.25,-828.4
1:41:34,55.75,56,88,4.4,18,0.25,-194.75,-0.25,-839.4
1:41:39,55.5,56,88,4.4,18,0.5,-191.0,0.0,-796.4
1:41:44,55.25,56,88,4.4,18,0.75,-188.0,0.25,-756.7
1:41:49,55.5,56,88,4.4,18,0.5,-185.0,-0.25,-774.5
1:41:54,55.5,56,88,4.4,18,0.5,-182.25,-0.25,-762.4
1:41:59,55.5,56,88,4.4,18,0.5,-178.75,-0.25,-747.0
1:42:4,55.0,56,88,4.4,18,1.0,-174.75,0.25,-676.4
1:42:9,55.25,56,88,4.4,18,0.75,-171.0,0.0,-686.4
1:42:14,55.25,56,88,4.4,18,0.75,-166.25,-0.25,-670.0
1:42:19,55.25,56,88,4.4,18,0.75,-161.0,-0.5,-651.4
1:42:24,55.0,56,88,4.4,18,1.0,-156.25,-0.5,-608.5
1:42:29,54.75,56,88,4.4,18,1.25,-150.75,0.25,-548.8
1:42:34,54.75,56,88,4.4,18,1.25,-145.0,0.25,-523.5
1:42:39,55.0,56,88,4.4,18,1.0,-140.0,0.0,-528.0
1:42:44,55.0,56,88,4.4,18,1.0,-135.0,0.25,-501.5
1:42:49,54.5,56,88,4.4,18,1.5,-128.75,0.75,-421.0
1:42:54,55.0,56,88,4.4,18,1.0,-123.5,-0.25,-459.9
1:42:59,54.5,56,88,4.4,18,1.5,-117.5,0.25,-380.5
1:43:4,54.5,56,88,4.4,18,1.5,-110.5,0.0,-354.2
1:43:9,54.75,56,88,4.4,18,1.25,-104.0,-0.25,-352.1
1:43:14,54.75,56,88,4.4,18,1.25,-97.25,0.0,-317.9
1:43:19,54.75,56,88,4.4,18,1.25,-90.25001,0.0,-287.1
1:43:24,54.5,56,88,4.4,18,1.5,-82.75001,-0.25,-236.6
1:43:29,54.0,56,88,4.4,18,2.0,-75.25,0.25,-150.6
1:43:34,54.25,56,88,4.4,18,1.75,-67.5,0.25,-138.5
1:43:39,54.25,56,88,4.4,18,1.75,-59.0,0.0,-105.6
1:43:44,54.5,56,88,4.4,18,1.5,-50.75,0.0,-91.3
1:43:49,54.0,56,88,4.4,18,2.0,-42.0,0.25,-4.300003
1:43:54,54.25,56,88,4.4,18,1.75,-33.75,0.25,10.0
1:43:59,54.25,56,88,4.4,18,1.75,-25.0,0.0,44.0
1:44:4,55.75,56,88,4.4,18,0.25,-18.5,-1.0,-77.4
1:44:9,58.75,56,88,4.4,18,-2.75,-26.0,-0.5,-365.4
1:44:14,60.0,56,88,4.4,18,-4.0,-45.0,0.25,-545.5
1:44:19,60.0,56,88,4.4,18,-4.0,-65.25,0.0,-639.1
1:44:24,59.75,56,88,4.4,18,-3.75,-84.00001,0.0,-699.6
1:44:29,60.0,56,88,4.4,18,-4.0,-102.0,-0.5,-809.8001
1:44:34,60.25,56,88,4.4,18,-4.25,-121.5,-0.5,-917.6001
1:44:39,59.75,56,88,4.4,18,-3.75,-139.75,-0.25,-949.4
1:44:44,59.25,56,88,4.4,18,-3.25,-156.25,0.0,-973.5
1:44:49,58.75,56,88,4.4,18,-2.75,-170.5,0.5,-983.2
1:44:54,58.25,56,88,4.4,18,-2.25,-183.75,0.0,-1006.5
1:44:59,58.5,56,88,4.4,18,-2.5,-196.75,0.75,-1072.2
1:45:4,58.0,56,88,4.4,18,-2.0,-207.75,0.0,-1090.1
1:45:9,58.0,56,88,4.4,18,-2.0,-217.5,0.0,-1133.0
1:45:14,58.0,56,88,4.4,18,-2.0,-227.5,0.0,-1177.0
1:45:19,57.5,56,88,4.4,18,-1.5,-236.75,0.5,-1164.7
1:45:24,57.5,56,88,4.4,18,-1.5,-245.75,0.25,-1208.8
1:45:29,57.5,56,88,4.4,18,-1.5,-253.75,0.0,-1248.5
1:45:34,57.5,56,88,4.4,18,-1.5,-261.5,0.25,-1278.1
1:45:39,57.5,56,88,4.4,18,-1.5,-268.75,0.0,-1314.5
1:45:44,57.5,56,88,4.4,18,-1.5,-276.25,0.0,-1347.5
1:45:49,57.25,56,88,4.4,18,-1.25,-282.5,0.0,-1353.0
1:45:54,57.25,56,88,4.4,18,-1.25,-288.25,0.0,-1378.3
1:45:59,57.5,56,88,4.4,18,-1.5,-294.75,-0.25,-1433.4
1:46:4,56.75,56,88,4.4,18,-0.75,-300.0,0.25,-1381.5
1:46:9,57.25,56,88,4.4,18,-1.25,-305.75,0.0,-1455.3
1:46:14,57.0,56,88,4.4,18,-1.0,-311.25,0.0,-1457.5
1:46:19,57.0,56,88,4.4,18,-1.0,-316.0,0.0,-1478.4
1:46:24,57.0,56,88,4.4,18,-1.0,-319.75,-0.5,-1503.9
1:46:29,56.75,56,88,4.4,18,-0.75,-324.75,0.25,-1490.4
1:46:34,56.5,56,88,4.4,18,-0.5,-328.5,0.5,-1480.4
1:46:39,57.25,56,88,4.4,18,-1.25,-332.5,-0.5,-1582.0
1:46:44,57.0,56,88,4.4,18,-1.0,-336.75,0.0,-1569.7
1:46:49,56.75,56,88,4.4,18,-0.75,-340.25,0.0,-1563.1
1:46:54,56.25,56,88,4.4,18,-0.25,-344.25,0.5,-1527.7
1:46:59,57.0,56,88,4.4,18,-1.0,-348.25,-0.25,-1624.8
1:47:4,56.75,56,88,4.4,18,-0.75,-351.75,0.0,-1613.7
1:47:9,56.25,56,88,4.4,18,-0.25,-354.75,0.5,-1573.9
1:47:14,56.25,56,88,4.4,18,-0.25,-358.0,0.5,-1588.2
1:47:19,56.5,56,88,4.4,18,-0.5,-360.5,0.25,-1625.7
1:47:24,56.75,56,88,4.4,18,-0.75,-363.25,-0.25,-1668.8
1:47:29,56.25,56,88,4.4,18,-0.25,-365.0,0.0,-1628.0
1:47:34,56.25,56,88,4.4,18,-0.25,-367.75,0.25,-1635.6
1:47:39,56.25,56,88,4.4,18,-0.25,-370.0,0.5,-1641.0
1:47:44,56.5,56,88,4.4,18,-0.5,-372.25,0.0,-1681.9
1:47:49,56.0,56,88,4.4,18,0.0,-373.25,-0.25,-1646.8
1:47:54,56.0,56,88,4.4,18,0.0,-374.25,0.0,-1646.7
1:47:59,56.25,56,88,4.4,18,-0.25,-375.0,0.0,-1672.0
1:48:4,56.25,56,88,4.4,18,-0.25,-376.25,0.25,-1673.0
1:48:9,56.0,56,88,4.4,18,0.0,-377.25,0.0,-1659.9
1:48:14,55.75,56,88,4.4,18,0.25,-377.5,0.5,-1630.0
1:48:19,56.0,56,88,4.4,18,0.0,-377.25,-0.5,-1668.9
1:48:24,55.75,56,88,4.4,18,0.25,-377.0,0.25,-1632.3
1:48:29,56.0,56,88,4.4,18,0.0,-376.5,-0.25,-1661.1
1:48:34,55.75,56,88,4.4,18,0.25,-375.5,0.0,-1630.2
1:48:39,56.0,56,88,4.4,18,0.0,-374.5,0.0,-1647.8
1:48:44,55.5,56,88,4.4,18,0.5,-373.0,0.25,-1592.7
1:48:49,55.75,56,88,4.4,18,0.25,-371.25,-0.25,-1616.0
1:48:54,55.75,56,88,4.4,18,0.25,-370.0,-0.25,-1610.5
1:48:59,55.75,56,88,4.4,18,0.25,-368.25,0.0,-1598.3
1:49:4,55.5,56,88,4.4,18,0.5,-366.5,-0.25,-1573.1
1:49:9,55.5,56,88,4.4,18,0.5,-364.75,0.25,-1556.4
1:49:14,55.5,56,88,4.4,18,0.5,-363.0,0.25,-1548.7
1:49:19,55.75,56,88,4.4,18,0.25,-360.75,-0.25,-1569.8
1:49:24,55.5,56,88,4.4,18,0.5,-358.5,0.25,-1528.9
1:49:29,55.5,56,88,4.4,18,0.5,-356.25,0.0,-1523.5
1:49:34,55.5,56,88,4.4,18,0.5,-354.0,0.25,-1509.1
1:49:39,55.25,56,88,4.4,18,0.75,-350.5,0.25,-1471.7
1:49:44,55.25,56,88,4.4,18,0.75,-347.25,-0.25,-1466.4
1:49:49,55.0,56,88,4.4,18,1.0,-343.0,0.25,-1416.7
1:49:54,55.0,56,88,4.4,18,1.0,-339.0,0.25,-1399.1
1:49:59,55.25,56,88,4.4,18,0.75,-335.25,0.0,-1409.1
1:50:4,55.25,56,88,4.4,18,0.75,-331.5,0.0,-1392.6
1:50:9,54.75,56,88,4.4,18,1.25,-326.25,0.0,-1325.5
1:50:14,55.0,56,88,4.4,18,1.0,-321.5,0.25,-1322.1
1:50:19,55.25,56,88,4.4,18,0.75,-316.75,-0.5,-1336.7
1:50:24,55.0,56,88,4.4,18,1.0,-312.0,0.0,-1284.8
1:50:29,54.25,56,88,4.4,18,1.75,-305.75,0.25,-1186.8
1:50:34,55.0,56,88,4.4,18,1.0,-300.0,-0.25,-1236.5
1:50:39,54.75,56,88,4.4,18,1.25,-293.5,0.25,-1176.9
1:50:44,54.5,56,88,4.4,18,1.5,-286.5,0.0,-1128.6
1:50:49,55.0,56,88,4.4,18,1.0,-281.25,0.0,-1149.5
1:50:54,54.75,56,88,4.4,18,1.25,-275.25,0.0,-1101.1
1:50:59,55.0,56,88,4.4,18,1.0,-269.25,-0.25,-1101.2
1:51:4,54.75,56,88,4.4,18,1.25,-262.5,0.0,-1045.0
1:51:9,54.75,56,88,4.4,18,1.25,-255.5,-0.25,-1018.7
1:51:14,54.75,56,88,4.4,18,1.25,-249.0,0.0,-985.6
1:51:19,54.25,56,88,4.4,18,1.75,-241.25,0.25,-903.0
1:51:24,54.75,56,88,4.4,18,1.25,-234.5,0.0,-921.8
1:51:29,54.5,56,88,4.4,18,1.5,-226.5,0.0,-864.6
1:51:34,54.5,56,88,4.4,18,1.5,-218.75,0.0,-830.4999
1:51:39,54.0,56,88,4.4,18,2.0,-211.0,0.5,-743.4
1:51:44,54.5,56,88,4.4,18,1.5,-202.25,-0.5,-766.9
1:51:49,54.25,56,88,4.4,18,1.75,-193.5,0.25,-692.9
1:51:54,54.5,56,88,4.4,18,1.5,-185.25,0.0,-683.1
1:51:59,54.5,56,88,4.4,18,1.5,-177.0,-0.5,-655.8
1:52:4,54.5,56,88,4.4,18,1.5,-169.25,0.0,-612.7
1:52:9,54.25,56,88,4.4,18,1.75,-161.0,0.0,-554.4
1:52:14,54.25,56,88,4.4,18,1.75,-152.5,0.0,-517.0
1:52:19,54.25,56,88,4.4,18,1.75,-144.0,0.0,-479.6
1:52:24,54.25,56,88,4.4,18,1.75,-134.75,-0.25,-443.4
1:52:29,54.0,56,88,4.4,18,2.0,-125.5,0.0,-376.2
1:52:34,54.0,56,88,4.4,18,2.0,-115.5,0.0,-332.2
1:52:39,53.5,56,88,4.4,18,2.5,-104.75,0.0,-240.9
1:52:44,53.75,56,88,4.4,18,2.25,-94.25,0.25,-212.2
1:52:49,54.0,56,88,4.4,18,2.0,-84.5,0.0,-195.8
1:52:54,53.25,56,88,4.4,18,2.75,-73.75,0.75,-69.0
1:52:59,54.0,56,88,4.4,18,2.0,-63.0,-0.25,-105.7
1:53:4,53.75,56,88,4.4,18,2.25,-51.5,0.25,-24.10001
1:53:9,53.75,56,88,4.4,18,2.25,-39.75,0.0,23.09999
1:53:14,54.25,56,88,4.4,18,1.75,-28.75,-0.5,18.5
1:53:19,56.5,56,88,4.4,18,-0.5,-27.25,0.0,-163.9
1:53:24,58.75,56,88,4.4,18,-2.75,-39.0,0.0,-413.6
1:53:29,59.0,56,88,4.4,18,-3.0,-54.0,-0.25,-506.1
1:53:34,59.25,56,88,4.4,18,-3.25,-69.75,0.0,-592.9
1:53:39,59.25,56,88,4.4,18,-3.25,-85.25001,-0.5,-670.1
1:53:44,59.25,56,88,4.4,18,-3.25,-101.0,0.0,-730.4
1:53:49,59.0,56,88,4.4,18,-3.0,-115.75,0.0,-773.3
1:53:54,58.5,56,88,4.4,18,-2.5,-129.75,0.25,-786.4
1:53:59,58.5,56,88,4.4,18,-2.5,-142.0,0.0,-844.8
1:54:4,58.25,56,88,4.4,18,-2.25,-154.0,0.25,-871.1
1:54:9,57.75,56,88,4.4,18,-1.75,-164.75,0.75,-865.4
1:54:14,57.75,56,88,4.4,18,-1.75,-175.25,0.0,-925.1
1:54:19,57.5,56,88,4.4,18,-1.5,-183.25,0.0,-938.2999
1:54:24,57.75,56,88,4.4,18,-1.75,-191.25,-0.25,-1000.0
1:54:29,57.25,56,88,4.4,18,-1.25,-198.0,0.0,-981.2
1:54:34,57.25,56,88,4.4,18,-1.25,-204.25,0.0,-1008.7
1:54:39,56.75,56,88,4.4,18,-0.75,-208.25,0.0,-982.3
1:54:44,56.75,56,88,4.4,18,-0.75,-212.5,0.5,-992.0
1:54:49,57.25,56,88,4.4,18,-1.25,-217.5,-0.25,-1071.5
1:54:54,57.0,56,88,4.4,18,-1.0,-221.5,-0.25,-1067.1
1:54:59,56.75,56,88,4.4,18,-0.75,-225.5,0.25,-1053.7
1:55:4,57.0,56,88,4.4,18,-1.0,-230.0,0.0,-1100.0
1:55:9,57.0,56,88,4.4,18,-1.0,-234.5,0.0,-1119.8
1:55:14,57.0,56,88,4.4,18,-1.0,-238.5,-0.5,-1146.4
1:55:19,56.75,56,88,4.4,18,-0.75,-242.75,0.25,-1129.6
1:55:24,56.5,56,88,4.4,18,-0.5,-246.25,0.5,-1118.5
1:55:29,56.25,56,88,4.4,18,-0.25,-249.25,0.5,-1109.7
1:55:34,56.75,56,88,4.4,18,-0.75,-252.5,-0.25,-1181.5
1:55:39,56.75,56,88,4.4,18,-0.75,-255.25,-0.5,-1198.1
1:55:44,56.5,56,88,4.4,18,-0.5,-257.0,0.0,-1174.8
1:55:49,56.75,56,88,4.4,18,-0.75,-260.5,0.0,-1212.2
1:55:54,56.0,56,88,4.4,18,0.0,-262.25,0.5,-1144.9
1:55:59,56.25,56,88,4.4,18,-0.25,-263.0,0.25,-1174.7
1:56:4,56.25,56,88,4.4,18,-0.25,-263.0,-0.75,-1192.7
1:56:9,55.75,56,88,4.4,18,0.25,-264.25,0.5,-1131.7
1:56:14,56.25,56,88,4.4,18,-0.25,-265.75,0.0,-1191.3
1:56:19,55.75,56,88,4.4,18,0.25,-266.5,0.5,-1141.6
1:56:24,56.0,56,88,4.4,18,0.0,-266.75,-0.25,-1178.2
1:56:29,55.75,56,88,4.4,18,0.25,-266.75,0.5,-1142.7
1:56:34,56.25,56,88,4.4,18,-0.25,-268.0,0.0,-1201.2
1:56:39,56.25,56,88,4.4,18,-0.25,-267.5,-0.5,-1208.0
1:56:44,56.0,56,88,4.4,18,0.0,-267.0,0.0,-1174.8
1:56:49,56.0,56,88,4.4,18,0.0,-266.75,0.0,-1173.7
1:56:54,56.0,56,88,4.4,18,0.0,-265.75,-0.5,-1178.3
1:56:59,55.75,56,88,4.4,18,0.25,-265.5,0.25,-1141.7
1:57:4,56.0,56,88,4.4,18,0.0,-265.25,0.0,-1167.1
1:57:9,55.5,56,88,4.4,18,0.5,-263.25,0.25,-1109.8
1:57:14,55.5,56,88,4.4,18,0.5,-262.25,0.5,-1100.9
1:57:19,56.0,56,88,4.4,18,0.0,-261.25,0.0,-1149.5
1:57:24,55.5,56,88,4.4,18,0.5,-259.75,0.0,-1098.9
1:57:29,55.25,56,88,4.4,18,0.75,-257.5,0.5,-1058.0
1:57:34,55.5,56,88,4.4,18,0.5,-255.25,0.25,-1074.6
1:57:39,55.5,56,88,4.4,18,0.5,-253.0,0.25,-1064.7
1:57:44,55.5,56,88,4.4,18,0.5,-250.0,0.0,-1056.0
1:57:49,55.0,56,88,4.4,18,1.0,-247.0,0.75,-985.3001
1:57:54,55.5,56,88,4.4,18,0.5,-244.0,-0.25,-1034.1
1:57:59,55.5,56,88,4.4,18,0.5,-240.75,-0.25,-1019.8
1:58:4,55.5,56,88,4.4,18,0.5,-236.75,-0.75,-1011.2
1:58:9,55.0,56,88,4.4,18,1.0,-233.0,0.5,-928.2001
1:58:14,55.0,56,88,4.4,18,1.0,-229.0,0.5,-910.6
1:58:19,55.25,56,88,4.4,18,0.75,-224.75,-0.25,-927.4
1:58:24,55.25,56,88,4.4,18,0.75,-221.0,0.0,-906.4
1:58:29,55.5,56,88,4.4,18,0.5,-216.25,-0.75,-921.0
1:58:34,55.25,56,88,4.4,18,0.75,-211.75,0.0,-865.7
1:58:39,54.5,56,88,4.4,18,1.5,-206.0,0.75,-760.9
1:58:44,55.25,56,88,4.4,18,0.75,-201.75,-0.25,-826.2
1:58:49,54.75,56,88,4.4,18,1.25,-196.0,-0.25,-756.9
1:58:54,55.0,56,88,4.4,18,1.0,-188.5,-1.0,-759.4
1:58:59,55.0,56,88,4.4,18,1.0,-182.5,-0.5,-724.0
1:59:4,54.75,56,88,4.4,18,1.25,-176.75,0.25,-663.2
1:59:9,54.5,56,88,4.4,18,1.5,-170.75,0.25,-614.8
1:59:14,54.5,56,88,4.4,18,1.5,-164.25,0.5,-581.7
1:59:19,54.0,56,88,4.4,18,2.0,-157.25,0.75,-502.4
1:59:24,55.0,56,88,4.4,18,1.0,-151.0,-0.25,-580.9
1:59:29,54.75,56,88,4.4,18,1.25,-144.25,0.0,-524.7
1:59:34,54.5,56,88,4.4,18,1.5,-137.75,0.25,-469.6
1:59:39,54.25,56,88,4.4,18,1.75,-131.0,0.5,-413.4
1:59:44,54.75,56,88,4.4,18,1.25,-122.75,-0.5,-439.1
1:59:49,54.5,56,88,4.4,18,1.5,-115.0,0.0,-374.0
1:59:54,54.75,56,88,4.4,18,1.25,-107.5,-0.25,-367.5
1:59:59,54.5,56,88,4.4,18,1.5,-99.5,0.0,-305.8
2:0:4,53.5,56,88,4.4,18,2.5,-90.75,1.25,-156.8
2:0:9,54.0,56,88,4.4,18,2.0,-81.75,0.5,-174.7
2:0:14,54.0,56,88,4.4,18,2.0,-72.75,0.25,-139.6
2:0:19,54.0,56,88,4.4,18,2.0,-63.25,0.25,-97.80002
2:0:24,54.5,56,88,4.4,18,1.5,-53.75,-0.5,-113.5
2:0:29,54.25,56,88,4.4,18,1.75,-45.25,0.0,-45.10001
2:0:34,54.5,56,88,4.4,18,1.5,-36.5,-0.25,-33.10001
2:0:39,54.25,56,88,4.4,18,1.75,-27.5,0.0,33.0
2:0:44,55.5,56,88,4.4,18,0.5,-22.25,-0.25,-58.4
2:0:49,57.5,56,88,4.4,18,-1.5,-26.25,0.0,-247.5
2:0:54,58.5,56,88,4.4,18,-2.5,-37.25,-0.25,-388.4
2:0:59,58.25,56,88,4.4,18,-2.25,-48.25,-0.25,-414.8
2:1:4,57.75,56,88,4.4,18,-1.75,-57.25,0.0,-405.9
2:1:9,57.5,56,88,4.4,18,-1.5,-65.0,0.25,-413.5
2:1:14,57.75,56,88,4.4,18,-1.75,-73.0,-0.25,-479.7
2:1:19,57.75,56,88,4.4,18,-1.75,-81.0,0.0,-510.4
2:1:24,57.25,56,88,4.4,18,-1.25,-87.75001,0.0,-496.1
2:1:29,57.5,56,88,4.4,18,-1.5,-94.00001,-0.5,-554.6
2:1:34,57.0,56,88,4.4,18,-1.0,-99.75,0.0,-526.9
2:1:39,56.75,56,88,4.4,18,-0.75,-103.75,0.0,-522.5
2:1:44,56.25,56,88,4.4,18,-0.25,-106.5,0.5,-481.6
2:1:49,56.5,56,88,4.4,18,-0.5,-108.5,-0.25,-525.9
2:1:54,56.25,56,88,4.4,18,-0.25,-110.0,0.25,-501.5
2:1:59,56.0,56,88,4.4,18,0.0,-110.25,0.0,-485.1
2:2:4,56.0,56,88,4.4,18,0.0,-110.75,0.0,-487.3
2:2:9,56.0,56,88,4.4,18,0.0,-110.5,-0.75,-499.7
2:2:14,56.25,56,88,4.4,18,-0.25,-110.5,-0.75,-521.7
2:2:19,55.25,56,88,4.4,18,0.75,-110.0,0.5,-409.0
2:2:24,55.25,56,88,4.4,18,0.75,-107.75,-0.25,-412.6
2:2:29,55.25,56,88,4.4,18,0.75,-106.25,0.5,-392.5
2:2:34,56.0,56,88,4.4,18,0.0,-105.75,-0.25,-469.8
2:2:39,55.75,56,88,4.4,18,0.25,-104.0,0.0,-435.6
2:2:44,55.25,56,88,4.4,18,0.75,-102.0,0.25,-378.3
2:2:49,55.75,56,88,4.4,18,0.25,-100.25,0.25,-414.6
2:2:54,55.25,56,88,4.4,18,0.75,-97.5,0.5,-354.0
2:2:59,55.25,56,88,4.4,18,0.75,-94.75,0.25,-346.4
2:3:4,55.5,56,88,4.4,18,0.5,-91.75,0.0,-359.7
2:3:9,55.25,56,88,4.4,18,0.75,-88.75,0.25,-320.0
2:3:14,55.5,56,88,4.4,18,0.5,-85.5,0.0,-332.2
2:3:19,55.5,56,88,4.4,18,0.5,-82.25,-0.25,-322.4
2:3:24,55.25,56,88,4.4,18,0.75,-79.0,0.0,-281.6
2:3:29,55.0,56,88,4.4,18,1.0,-75.25,0.0,-243.1
2:3:34,55.0,56,88,4.4,18,1.0,-72.0,0.5,-219.8
2:3:39,55.5,56,88,4.4,18,0.5,-68.0,-0.75,-268.7
2:3:44,55.0,56,88,4.4,18,1.0,-63.0,-0.25,-193.7
2:3:49,55.25,56,88,4.4,18,0.75,-58.75,-0.25,-197.0
2:3:54,55.25,56,88,4.4,18,0.75,-54.0,0.0,-171.6
2:3:59,55.0,56,88,4.4,18,1.0,-49.25,0.25,-124.2
2:4:4,54.25,56,88,4.4,18,1.75,-43.0,1.0,-17.2
