,Kp,Ki,Kd,Cost,Gen
9,53.872889045302884,3.4652305062424116,6.201364431474166,13.107989999997745,0.0
19,81.8480629962063,13.278479488729245,60.02543129068522,15.246989999997766,0.0
14,97.19562768356002,18.5427034573147,9.597157111126153,15.512969999997766,0.0
2,44.438691973092695,16.35509981298402,48.605170420373554,16.043999999997766,0.0
5,40.55410530124184,12.862545980796902,33.465411571702006,16.043999999997766,0.0
7,68.12560974762313,36.59994927951542,10.077586397760918,16.30904999999777,0.0
1,58.55441784940404,28.326184110592713,2.6791811995846793,16.30904999999777,0.0
17,44.96748139699667,49.918339118176114,19.81968954936463,16.57378999999777,0.0
16,69.27453467546725,73.10433748197009,33.42695842790242,16.57378999999777,0.0
13,74.34585258263786,67.13252605175748,20.204388542781658,16.57378999999777,0.0
12,44.623912734896756,56.77148428335099,62.273086595130486,16.57378999999777,0.0
10,41.7640343140029,43.70991158241745,74.22205808177775,16.57378999999777,0.0
18,92.71481812714192,91.17793025454458,96.94573663746941,16.57378999999777,0.0
6,45.21659230384883,31.367403281871333,2.7411256260248873,16.57378999999777,0.0
4,81.99750647549845,59.38194577309724,54.33967085944027,16.57378999999777,0.0
3,20.931166584616424,23.017781294913007,88.39323990401711,16.57378999999777,0.0
11,71.67371989501228,76.97654898384208,40.57779085177772,16.57378999999777,0.0
0,88.22361584225641,64.77055481203622,94.99710488004789,16.57378999999777,0.0
8,3.4263832189921906,65.54708900205148,73.34764641488414,16.838219999997772,0.0
15,13.09417614240498,56.43034225875948,58.55072177979128,16.838219999997772,0.0
0,53.872889045302884,3.4652305062424116,6.201364431474166,13.107989999997745,1.0
1,97.19562768356002,13.278479488729245,9.597157111126153,14.98069999999776,1.0
2,81.8480629962063,18.5427034573147,60.02543129068522,15.778639999997766,1.0
3,44.438691973092695,16.35509981298402,48.605170420373554,16.043999999997766,1.0
4,40.55410530124184,12.862545980796902,33.465411571702006,16.043999999997766,1.0
6,58.55441784940404,28.326184110592713,2.6791811995846793,16.30904999999777,1.0
19,80.87563357763123,42.09846973984054,77.50320055090926,16.30904999999777,1.0
5,68.12560974762313,36.59994927951542,10.077586397760918,16.30904999999777,1.0
7,44.96748139699667,49.918339118176114,19.81968954936463,16.57378999999777,1.0
8,69.27453467546725,73.10433748197009,33.42695842790242,16.57378999999777,1.0
10,44.623912734896756,56.77148428335099,62.273086595130486,16.57378999999777,1.0
11,41.7640343140029,43.70991158241745,74.22205808177775,16.57378999999777,1.0
12,92.71481812714192,91.17793025454458,96.94573663746941,16.57378999999777,1.0
13,45.21659230384883,31.367403281871333,2.7411256260248873,16.57378999999777,1.0
14,81.99750647549845,59.38194577309724,54.33967085944027,16.57378999999777,1.0
15,20.931166584616424,23.017781294913007,88.39323990401711,16.57378999999777,1.0
16,71.67371989501228,76.97654898384208,40.57779085177772,16.57378999999777,1.0
17,88.22361584225641,64.77055481203622,94.99710488004789,16.57378999999777,1.0
9,74.34585258263786,67.13252605175748,20.204388542781658,16.57378999999777,1.0
18,26.491556702835627,97.90014690072515,12.193481745340106,16.838219999997772,1.0
0,53.872889045302884,3.4652305062424116,6.201364431474166,13.107989999997745,2.0
2,97.19562768356002,13.278479488729245,60.02543129068522,14.98069999999776,2.0
1,81.8480629962063,18.5427034573147,9.597157111126153,15.778639999997766,2.0
3,44.438691973092695,16.35509981298402,48.605170420373554,16.043999999997766,2.0
4,40.55410530124184,12.862545980796902,33.465411571702006,16.043999999997766,2.0
5,58.55441784940404,28.326184110592713,2.6791811995846793,16.30904999999777,2.0
6,80.87563357763123,42.09846973984054,77.50320055090926,16.30904999999777,2.0
7,68.12560974762313,36.59994927951542,10.077586397760918,16.30904999999777,2.0
17,88.22361584225641,64.77055481203622,94.99710488004789,16.57378999999777,2.0
16,71.67371989501228,76.97654898384208,40.57779085177772,16.57378999999777,2.0
15,20.931166584616424,23.017781294913007,88.39323990401711,16.57378999999777,2.0
14,81.99750647549845,59.38194577309724,54.33967085944027,16.57378999999777,2.0
13,45.21659230384883,31.367403281871333,2.7411256260248873,16.57378999999777,2.0
9,69.27453467546725,73.10433748197009,33.42695842790242,16.57378999999777,2.0
11,41.7640343140029,43.70991158241745,74.22205808177775,16.57378999999777,2.0
10,44.623912734896756,56.77148428335099,62.273086595130486,16.57378999999777,2.0
8,44.96748139699667,49.918339118176114,19.81968954936463,16.57378999999777,2.0
12,92.71481812714192,91.17793025454458,96.94573663746941,16.57378999999777,2.0
18,10.055174118409592,50.91400480299122,74.71463283485664,16.838219999997772,2.0
19,3.791262839512022,62.22190604464238,21.518548012332396,16.838219999997772,2.0
0,53.872889045302884,3.4652305062424116,6.201364431474166,13.107989999997745,3.0
2,97.19562768356002,13.278479488729245,9.597157111126153,14.98069999999776,3.0
1,81.8480629962063,18.5427034573147,60.02543129068522,15.778639999997766,3.0
3,44.438691973092695,16.35509981298402,48.605170420373554,16.043999999997766,3.0
4,40.55410530124184,12.862545980796902,33.465411571702006,16.043999999997766,3.0
5,58.55441784940404,28.326184110592713,2.6791811995846793,16.30904999999777,3.0
6,80.87563357763123,42.09846973984054,77.50320055090926,16.30904999999777,3.0
7,68.12560974762313,36.59994927951542,10.077586397760918,16.30904999999777,3.0
17,92.71481812714192,91.17793025454458,96.94573663746941,16.57378999999777,3.0
16,44.96748139699667,49.918339118176114,19.81968954936463,16.57378999999777,3.0
15,44.623912734896756,56.77148428335099,62.273086595130486,16.57378999999777,3.0
14,41.7640343140029,43.70991158241745,74.22205808177775,16.57378999999777,3.0
13,69.27453467546725,73.10433748197009,33.42695842790242,16.57378999999777,3.0
9,71.67371989501228,76.97654898384208,40.57779085177772,16.57378999999777,3.0
11,81.99750647549845,59.38194577309724,54.33967085944027,16.57378999999777,3.0
10,20.931166584616424,23.017781294913007,88.39323990401711,16.57378999999777,3.0
18,28.259743330117004,19.959890192341746,3.577045722008221,16.57378999999777,3.0
8,88.22361584225641,64.77055481203622,94.99710488004789,16.57378999999777,3.0
12,45.21659230384883,31.367403281871333,2.7411256260248873,16.57378999999777,3.0
19,24.217576443731136,79.1071428787667,75.71415667945642,16.838219999997772,3.0
