,Kp,Ki,Kd,Cost,Gen
8,96.23266281982387,14.438852312637863,17.870354194576464,246.62505689993338,0.0
5,57.182994383914135,10.51111596736355,88.62471713798705,255.22153049993216,0.0
7,59.811445590501364,15.19345991115989,18.90599196813868,263.9700435999308,0.0
0,50.758211303708755,65.22897080372174,42.41133701189713,291.1240378999271,0.0
1,52.236415372032205,56.132039327917205,38.74832288221653,291.1240378999271,0.0
3,74.65567528802126,47.53699860686654,65.52389198900866,291.1240378999271,0.0
4,33.79248155157648,38.27811787732737,78.92259553020835,291.1240378999271,0.0
2,2.808433424635537,7.76732506616411,25.406516420239043,300.4769269999258,0.0
6,15.168374523289485,82.47261488486684,86.01369901497844,300.4769269999258,0.0
9,26.671908438297997,91.32849969743448,49.84453029621202,300.4769269999258,0.0
0,96.23266281982387,14.438852312637863,17.870354194576464,246.62505689993338,1.0
1,59.811445590501364,10.51111596736355,18.90599196813868,255.22153049993216,1.0
9,62.27536945629753,12.298234804566178,97.54956021396656,255.22153049993216,1.0
2,57.182994383914135,15.19345991115989,88.62471713798705,263.9700435999308,1.0
6,74.65567528802126,38.27811787732737,65.52389198900866,281.92167549992865,1.0
3,52.236415372032205,56.132039327917205,42.41133701189713,291.1240378999271,1.0
4,50.758211303708755,65.22897080372174,38.74832288221653,291.1240378999271,1.0
5,33.79248155157648,47.53699860686654,78.92259553020835,291.1240378999271,1.0
7,15.168374523289485,82.47261488486684,25.406516420239043,300.4769269999258,1.0
8,2.808433424635537,7.76732506616411,86.01369901497844,300.4769269999258,1.0
0,96.23266281982387,14.438852312637863,17.870354194576464,246.62505689993338,2.0
2,62.27536945629753,10.51111596736355,18.90599196813868,246.62505689993338,2.0
1,59.811445590501364,12.298234804566178,97.54956021396656,255.22153049993216,2.0
4,57.182994383914135,15.19345991115989,65.52389198900866,263.9700435999308,2.0
3,74.65567528802126,38.27811787732737,88.62471713798705,281.92167549992865,2.0
5,50.758211303708755,56.132039327917205,38.74832288221653,291.1240378999271,2.0
6,52.236415372032205,65.22897080372174,42.41133701189713,291.1240378999271,2.0
7,15.168374523289485,47.53699860686654,25.406516420239043,300.4769269999258,2.0
8,33.79248155157648,82.47261488486684,78.92259553020835,300.4769269999258,2.0
9,12.245315304703341,67.65132759031883,68.72712979212348,300.4769269999258,2.0
